0.05 0.7240000000000001 
0.15000000000000002 0.72 
0.25 0.868 
0.35000000000000003 0.7879999999999999 
0.45 0.8320000000000001 
0.55 0.828 
0.6500000000000001 0.8 
0.7500000000000001 0.7879999999999999 
0.8500000000000001 0.804 
0.9500000000000001 0.82 
1.05 0.7040000000000001 
1.1500000000000001 0.912 
1.2500000000000002 0.812 
1.35 0.696 
1.4500000000000002 0.8 
1.55 0.8320000000000001 
1.6500000000000001 0.812 
1.7500000000000002 0.764 
1.85 0.804 
1.9500000000000002 0.812 
2.05 0.8240000000000001 
2.15 0.8440000000000001 
2.25 0.7440000000000001 
2.35 0.8 
2.45 0.924 
2.55 0.7879999999999999 
2.65 0.716 
2.75 0.828 
2.85 0.84 
2.95 0.784 
3.05 0.8320000000000001 
3.15 0.784 
3.25 0.772 
3.35 0.812 
3.45 0.8440000000000001 
3.55 0.856 
3.65 0.768 
3.75 0.748 
3.85 0.86 
3.95 0.768 
4.05 0.7040000000000001 
4.15 0.8240000000000001 
4.25 0.8240000000000001 
4.35 0.752 
4.45 0.7879999999999999 
4.55 0.86 
4.65 0.82 
4.75 0.78 
4.8500000000000005 0.748 
4.95 0.8440000000000001 
