0.05 0.008 
0.15000000000000002 0.012 
0.25 0.048 
0.35000000000000003 0.49200000000000005 
0.45 0.992 
0.55 1.4240000000000002 
0.6500000000000001 1.244 
0.7500000000000001 1.0 
0.8500000000000001 0.8240000000000001 
0.9500000000000001 0.728 
1.05 0.632 
1.1500000000000001 0.688 
1.2500000000000002 0.72 
1.35 0.8759999999999999 
1.4500000000000002 1.0 
1.55 1.244 
1.6500000000000001 1.068 
1.7500000000000002 0.868 
1.85 0.8079999999999999 
1.9500000000000002 0.7559999999999999 
2.05 0.7 
2.15 0.6679999999999999 
2.25 0.8240000000000001 
2.35 0.9279999999999999 
2.45 1.092 
2.55 1.012 
2.65 1.064 
2.75 0.8320000000000001 
2.85 0.836 
2.95 0.688 
3.05 0.688 
3.15 0.748 
3.25 0.884 
3.35 0.992 
3.45 1.176 
3.55 1.1640000000000001 
3.65 0.96 
3.75 0.8079999999999999 
3.85 0.6759999999999999 
3.95 0.624 
4.05 0.6679999999999999 
4.15 0.804 
4.25 0.9520000000000001 
4.35 1.188 
4.45 1.484 
4.55 1.264 
4.65 0.716 
4.75 0.11599999999999999 
4.8500000000000005 0.008 
4.95 0.004 
