0.05 0.008 
0.15000000000000002 0.012 
0.25 0.18 
0.35000000000000003 0.696 
0.45 1.3 
0.55 1.376 
0.6500000000000001 1.188 
0.7500000000000001 0.976 
0.8500000000000001 0.752 
0.9500000000000001 0.568 
1.05 0.64 
1.1500000000000001 0.56 
1.2500000000000002 0.7440000000000001 
1.35 1.032 
1.4500000000000002 1.056 
1.55 1.024 
1.6500000000000001 1.072 
1.7500000000000002 0.9520000000000001 
1.85 0.772 
1.9500000000000002 0.652 
2.05 0.588 
2.15 0.672 
2.25 0.852 
2.35 1.024 
2.45 1.004 
2.55 0.98 
2.65 1.052 
2.75 0.948 
2.85 0.7759999999999999 
2.95 0.752 
3.05 0.636 
3.15 0.6679999999999999 
3.25 0.82 
3.35 0.9279999999999999 
3.45 1.1520000000000001 
3.55 1.216 
3.65 1.028 
3.75 0.7959999999999999 
3.85 0.624 
3.95 0.584 
4.05 0.58 
4.15 0.684 
4.25 0.8640000000000001 
4.35 1.212 
4.45 1.452 
4.55 1.412 
4.65 0.8759999999999999 
4.75 0.244 
4.8500000000000005 0.012 
4.95 0.004 
