0.06 0.012000000000000002 
0.18 0.020000000000000004 
0.3 0.024000000000000004 
0.42 0.676 
0.54 1.6760000000000002 
0.6599999999999999 1.4800000000000002 
0.78 0.9600000000000002 
0.8999999999999999 0.6200000000000001 
1.02 0.5160000000000001 
1.1400000000000001 0.5120000000000001 
1.26 0.5000000000000001 
1.38 1.072 
1.5 1.2920000000000003 
1.62 1.2160000000000002 
1.74 0.9920000000000002 
1.8599999999999999 0.7080000000000001 
1.98 0.6000000000000001 
2.1 0.676 
2.22 0.8200000000000002 
2.34 0.9920000000000002 
2.46 1.104 
2.58 1.2560000000000002 
2.6999999999999997 0.9280000000000002 
2.82 0.6280000000000001 
2.94 0.7240000000000002 
3.06 0.7440000000000002 
3.18 0.7720000000000001 
3.3 0.8920000000000001 
3.42 1.2200000000000002 
3.54 1.1720000000000002 
3.6599999999999997 0.9560000000000002 
3.78 0.6960000000000001 
3.9 0.7280000000000001 
4.02 0.6360000000000001 
4.14 0.7640000000000002 
4.26 0.9120000000000001 
4.38 1.3240000000000003 
4.499999999999999 1.2360000000000002 
4.619999999999999 0.9560000000000002 
4.739999999999999 0.6120000000000001 
4.859999999999999 0.3760000000000001 
4.9799999999999995 0.5680000000000001 
5.1 0.7720000000000001 
5.22 0.9720000000000002 
5.339999999999999 1.4600000000000002 
5.459999999999999 1.5240000000000002 
5.579999999999999 0.6680000000000001 
5.699999999999999 0.028000000000000008 
5.819999999999999 0.004000000000000001 
5.9399999999999995 0.004000000000000001 
