0.05 0.72 
0.15000000000000002 0.836 
0.25 0.816 
0.35000000000000003 0.74 
0.45 0.684 
0.55 0.88 
0.6500000000000001 0.84 
0.7500000000000001 0.78 
0.8500000000000001 0.828 
0.9500000000000001 0.84 
1.05 0.748 
1.1500000000000001 0.812 
1.2500000000000002 0.828 
1.35 0.792 
1.4500000000000002 0.784 
1.55 0.7959999999999999 
1.6500000000000001 0.764 
1.7500000000000002 0.9079999999999999 
1.85 0.768 
1.9500000000000002 0.764 
2.05 0.892 
2.15 0.748 
2.25 0.804 
2.35 0.768 
2.45 0.848 
2.55 0.732 
2.65 0.8240000000000001 
2.75 0.8 
2.85 0.7440000000000001 
2.95 0.82 
3.05 0.8640000000000001 
3.15 0.84 
3.25 0.736 
3.35 0.764 
3.45 0.8 
3.55 0.84 
3.65 0.7759999999999999 
3.75 0.7959999999999999 
3.85 0.872 
3.95 0.84 
4.05 0.752 
4.15 0.8240000000000001 
4.25 0.792 
4.35 0.708 
4.45 0.76 
4.55 0.816 
4.65 0.792 
4.75 0.888 
4.8500000000000005 0.904 
4.95 0.728 
