# istep   pe  t_kin   ke
0 961.443063143145 3.250283979025229 481.0420288957339 
100 15.174713748447717 2.598387370174932 384.56133078588994 
200 13.00562916499144 2.598318863872012 384.5511918530578 
300 8.887873478191397 2.5972239609394423 384.38914621903746 
400 7.786538517358861 2.5987402905500376 384.61356300140557 
500 10.38441330769281 2.598600416350104 384.5928616198154 
600 9.041224067871077 2.5971818421902193 384.38291264415244 
700 7.381101035963492 2.5983729185794853 384.55919194976383 
800 11.370475031939666 2.597555562357099 384.43822322885063 
900 6.193355773978965 2.5977478966895022 384.46668871004636 
1000 10.344263252276445 2.598435797058428 384.56849796464735 
1100 5.01093402088047 2.596720697090764 384.3146631694331 
1200 11.165237772948464 2.598525205318256 384.5817303871019 
1300 13.305589173110498 2.597719304692017 384.46245709441854 
1400 11.986339526477419 2.5976299103035174 384.4492267249206 
1500 12.252045580261534 2.5979638243769734 384.49864600779205 
1600 8.755303652251955 2.59743625287817 384.4205654259692 
1700 7.854379114295977 2.597083170065051 384.36830916962754 
1800 7.1341978664471775 2.5968552805921568 384.3345815276392 
1900 8.048447475501563 2.596973264185799 384.3520430994983 
2000 5.7149193006459384 2.5965626085001365 384.2912660580202 
2100 4.929966781639498 2.597021305050818 384.3591531475211 
2200 5.446133394695729 2.5965672740274917 384.2919565560688 
2300 7.848648107603571 2.5959990901415746 384.20786534095305 
2400 7.327384937912037 2.595720790425424 384.1666769829627 
2500 8.828294791532219 2.5968238983958827 384.32993696259064 
2600 5.914394619226392 2.5962071906955764 384.2386642229453 
2700 8.539421111179305 2.5976622781327383 384.4540171636453 
2800 9.964500392733637 2.5964028185705987 384.2676171484486 
2900 5.108298168166686 2.5968332725753065 384.3313243411454 
3000 5.671217685669175 2.5967011649340983 384.31177241024653 
3100 12.678114790459542 2.597047308255817 384.3630016218609 
3200 8.010345949973736 2.5964720769364424 384.27786738659347 
3300 8.844279318984874 2.596868734647908 384.33657272789037 
3400 3.664653297980953 2.5960562980568316 384.21633211241107 
3500 4.587013859582461 2.596335079469766 384.2575917615254 
3600 9.140221614112956 2.596190905845239 384.23625406509535 
3700 4.16028800547233 2.595890739841979 384.1918294966129 
3800 1.9292268455944317 2.5954324512591582 384.1240027863554 
3900 4.116258640974484 2.595500023544346 384.1340034845632 
4000 4.175127325240756 2.5954469539811376 384.1261491892084 
4100 3.6966766544488463 2.595776440505322 384.1749131947876 
4200 5.59945179532905 2.596170404177109 384.23321981821215 
4300 3.299649621821649 2.5957295897706 384.16797928604876 
4400 7.636380143767469 2.5964261243276257 384.2710664004886 
4500 3.7502057028897395 2.5959123397155395 384.19502627789984 
4600 5.484362367205505 2.595775262180971 384.1747388027837 
4700 6.19741040742111 2.596205671715697 384.2384394139232 
4800 5.491637589558492 2.595773731237601 384.1745122231649 
4900 3.5817497822791307 2.596101800260417 384.2230664385417 
5000 3.7389650033365385 2.5953021772218774 384.1047222288379 
5100 5.275663203498742 2.596448805787807 384.2744232565954 
5200 6.850387164266557 2.5956551071159613 384.1569558531623 
5300 6.970695977243756 2.5957658033783972 384.17333890000276 
5400 6.818044702781513 2.595745394267083 384.1703183515283 
5500 9.324728735971984 2.596379411940448 384.26415296718636 
5600 7.231275700921207 2.5954419556904225 384.1254094421825 
5700 7.154391397223474 2.5963144632598514 384.254540562458 
5800 5.5090707014964755 2.595422914278864 384.12259131327187 
5900 8.785692304998223 2.59562350627035 384.15227892801175 
6000 6.56948944087467 2.595491700464338 384.13277166872206 
6100 16.15831292382102 2.596505551178995 384.28282157449127 
6200 9.495734577480093 2.596028098712253 384.21215860941345 
6300 9.543349454849807 2.5977219541683465 384.4628492169153 
6400 7.0807853885461896 2.596445655715977 384.2739570459646 
6500 5.964566678374069 2.596099271378212 384.2226921639754 
6600 8.972525670466375 2.596464139016665 384.27669257446644 
6700 5.527549072215057 2.5961851937851974 384.2354086802092 
6800 6.681026340050223 2.597493587853241 384.4290510022796 
6900 4.412397619092734 2.596054918864527 384.21612799195003 
7000 6.881056855655417 2.5955343744794384 384.1390874229569 
7100 9.62808795998334 2.5971621272475445 384.37999483263656 
7200 3.053099940765298 2.5957583514286338 384.1722360114378 
7300 7.067396350973589 2.5961754241228663 384.2339627701842 
7400 6.612855940702764 2.5957168785785156 384.1660980296203 
7500 2.925285418258037 2.595522371992722 384.1373110549228 
7600 5.170177229593279 2.595793056345872 384.17737233918905 
7700 3.5797136084081727 2.5959570440335344 384.2016425169631 
7800 5.035482166985403 2.595749249053658 384.17088885994133 
7900 4.5822262823880875 2.596061592437276 384.2171156807168 
8000 4.819854529737078 2.5958648252083503 384.1879941308358 
8100 3.7076173005146957 2.5958535557534477 384.18632625151025 
8200 2.5072066282294863 2.5953778623820534 384.1159236325439 
8300 3.906714944778047 2.595809996720508 384.17987951463516 
8400 5.542958469477816 2.5955033561140555 384.13449670488023 
8500 6.19363446404357 2.595741639291619 384.16976261515964 
8600 3.8487389073538925 2.595680605005663 384.16072954083813 
8700 2.2887475990260775 2.5960110019505045 384.20962828867465 
8800 3.3135054199251703 2.5954969390118126 384.13354697374825 
8900 7.65104278544995 2.5964034211072886 384.2677063238787 
9000 6.978916106019928 2.5960266643025074 384.2119463167711 
9100 6.776014843331176 2.5962206142704845 384.2406509120317 
9200 4.080688045506049 2.5955471222656983 384.1409740953233 
9300 4.192411478573178 2.5953642490627096 384.113908861281 
9400 7.187265409996867 2.596378894796632 384.26407642990154 
9500 8.13973421457226 2.596534504008614 384.28710659327487 
9600 1.9818928736882073 2.59579104236477 384.17707426998595 
9700 9.417105667235472 2.5964206366143703 384.2702542189268 
9800 7.653102336679579 2.596207402209065 384.2386955269416 
9900 4.963237350685638 2.595901018802375 384.19335078275145 
10000 6.142439192340193 2.5955759299863366 384.1452376379778 
10100 3.4267597359892514 2.595734288506453 384.16867469895504 
10200 5.490301546370987 2.5957790965644567 384.1753062915396 
10300 4.9651464870393385 2.5964559637285998 384.27548263183274 
10400 2.378795629554352 2.5963624141907387 384.2616373002293 
10500 3.285990445634611 2.596724771932049 384.31526624594323 
10600 5.088835045838062 2.5953853347967835 384.117029549924 
10700 5.136678016720587 2.5959909685457347 384.20666334476874 
10800 12.324213262069684 2.5965494506851865 384.2893187014076 
10900 6.660541670283989 2.595339240964938 384.1102076628108 
11000 2.5285064662955454 2.595248679219462 384.0968045244804 
11100 5.815303841785804 2.5961248210833197 384.2264735203313 
11200 4.559485395610922 2.5959254093941313 384.19696059033146 
11300 4.089838819420303 2.5959807744386443 384.20515461691934 
11400 5.582985877798057 2.595107988902992 384.07598235764283 
11500 6.372204801467326 2.5962527363826413 384.2454049846309 
11600 4.501965959131448 2.595394723763876 384.1184191170537 
11700 8.667021712907918 2.595903720507799 384.19375063515423 
11800 6.91909262171795 2.5962370769931686 384.24308739498895 
11900 7.632174718319397 2.5959800841501863 384.2050524542276 
12000 5.6156370757832414 2.5963301655527498 384.25686450180694 
12100 5.573740237954092 2.5961807764609235 384.2347549162167 
12200 3.784481835683481 2.59688189119989 384.33851989758375 
12300 2.216130760558096 2.596602408688948 384.2971564859643 
12400 1.9299380628483576 2.5951735228818844 384.0856813865189 
12500 3.6348080883370635 2.595572723374595 384.1447630594401 
12600 5.381563427634826 2.59584266466817 384.1847143708892 
12700 5.041537304793603 2.595077328279754 384.0714445854036 
12800 2.686076648965294 2.595098428721295 384.07456745075166 
12900 4.9848596077157765 2.59663832528137 384.30247214164274 
13000 4.1706147395002295 2.59473596482898 384.020922794689 
13100 5.810866668551123 2.595571599792819 384.1445967693372 
13200 3.4016220909601786 2.595605599576267 384.14962873728746 
13300 6.651909288412579 2.595719847862274 384.16653748361654 
13400 4.639980258597387 2.5957563487308626 384.17193961216765 
13500 4.7715852946271555 2.595908940508376 384.1945231952397 
13600 4.888278139451562 2.595819438965653 384.18127696691664 
13700 3.7988637212627436 2.594882011884469 384.0425377589014 
13800 3.4704179384913942 2.595497677788351 384.13365631267595 
13900 4.293251805590066 2.5957635284584817 384.1730022118553 
14000 5.9894427970746875 2.595455871049135 384.12746891527195 
14100 7.204476784109402 2.595175538633843 384.08597971780875 
14200 2.3877668324047887 2.59481743796142 384.0329808182902 
14300 4.926722273999626 2.5948398668132175 384.0363002883562 
14400 3.6718316851983115 2.594793324516295 384.0294120284116 
14500 6.154668433113679 2.595125271324766 384.0785401560654 
14600 4.530353930488529 2.5948367463077306 384.03583845354416 
14700 1.1261029731131638 2.594930022541783 384.04964333618386 
14800 2.7697828814199594 2.5945679985234333 383.99606378146814 
14900 5.915129874695993 2.593856879170882 383.89081811729056 
15000 4.97590528540165 2.5954306341869153 384.12373385966345 
15100 3.8069983499759505 2.5949505822637278 384.05268617503174 
15200 1.8284211854926689 2.5958601437774034 384.1873012790557 
15300 3.5597138450111823 2.595009124007685 384.0613503531374 
15400 3.4209111857613115 2.595322030997836 384.10766058767973 
15500 7.019956032391667 2.5948671908458265 384.0403442451823 
15600 2.5492171080016472 2.5948624526995996 384.0396429995407 
15700 3.8250877495844877 2.596088023866684 384.22102753226926 
15800 8.762362471271166 2.5955355989968885 384.1392686515395 
15900 5.101230645754464 2.594896395107637 384.0446664759303 
16000 3.457209831581263 2.5940607262449444 383.9209874842518 
16100 3.383072731948939 2.593671934871351 383.8634463609599 
16200 5.8135015893928195 2.5960760627046584 384.2192572802894 
16300 3.571387840941659 2.5947831242416752 384.02790238776794 
16400 6.00602388755367 2.595128016969102 384.0789465114271 
16500 4.653214186486325 2.5945187528843032 383.9887754268769 
16600 8.882457770369237 2.594777412888722 384.0270571075308 
16700 6.364984364738326 2.594973039197499 384.05600980122983 
16800 6.838794568382396 2.5952856088687257 384.1022701125714 
16900 6.873746716340315 2.595272405212629 384.10031597146906 
17000 7.166955976094568 2.594864574820151 384.0399570733823 
17100 9.537198727252875 2.5951731775033426 384.08563027049473 
17200 5.324888006701808 2.5955785457111116 384.1456247652445 
17300 4.22895838359999 2.594640903863856 384.0068537718507 
17400 5.977833980101594 2.5939905610871694 383.9106030409011 
17500 6.87746896930661 2.5951849434605267 384.08737163215795 
17600 2.9802160509007845 2.5942752143154237 383.95273171868274 
17700 3.514676065931435 2.5944323359805055 383.9759857251148 
17800 5.2228996477999745 2.5952467867730693 384.09652444241425 
17900 4.258639969334032 2.5942281339097524 383.94576381864334 
18000 2.3810288108677646 2.5947459474982395 384.02240022973945 
18100 3.8275523780964615 2.5938318552705715 383.88711458004457 
18200 4.310355214877967 2.595084716472681 384.0725380379568 
18300 5.051253607481681 2.5952631062932254 384.09893973139737 
18400 3.8826691852737065 2.5945718082794955 383.99662762536536 
18500 1.1548624281512563 2.5946934614711465 384.0146322977297 
18600 3.566802943242074 2.595043190625255 384.0663922125378 
18700 3.330673335641327 2.5944065786546857 383.97217364089346 
18800 2.98235506662012 2.595453512829927 384.12711989882916 
18900 3.3539901552286535 2.5946880074347134 384.0138251003376 
19000 2.4016603860266894 2.5954697397405813 384.12952148160605 
19100 3.6720061520126404 2.59477470005631 384.02665560833384 
19200 9.5266658693988 2.5959126075767713 384.1950659213622 
19300 3.3132802200921327 2.5941310969134936 383.9314023431971 
19400 3.2796504197712704 2.594284047886847 383.95403908725336 
19500 5.199939997547866 2.59428666626227 383.95442660681596 
19600 5.486899065840324 2.594797493687 384.030029065676 
19700 5.7441014556535706 2.5950095382148874 384.06141165580334 
19800 5.809721866457024 2.595179634552734 384.0865859138046 
19900 0.6098951499842249 2.5950075863310906 384.0611227770014 
20000 2.7135869651459554 2.594440197282509 383.97714919781134 
20100 2.379533414848428 2.595265839335125 384.09934422159847 
20200 8.701886226187778 2.5952448979558143 384.0962448974605 
20300 5.840963409291028 2.5943323447012454 383.96118701578433 
20400 8.512444041423048 2.5951874076163324 384.0877363272172 
20500 6.443446904171131 2.5949893283046848 384.0584205890934 
20600 4.8255581997037105 2.594445804464852 383.9779790607981 
20700 9.276280553420746 2.595596924384975 384.1483448089763 
20800 2.8510968248653477 2.594225515240106 383.9453762555357 
20900 3.4343395278514324 2.5939948155478874 383.91123270108733 
21000 2.7995339950759615 2.5942422677888044 383.947855632743 
21100 6.202824129612936 2.5954706821557854 384.12966095905625 
21200 7.981673967114812 2.5947206336527446 384.0186537806062 
21300 3.772124459218835 2.595478380853654 384.1308003663408 
21400 1.609395536598277 2.594564219750175 383.9955045230259 
21500 4.389990198497111 2.594505020597783 383.98674304847185 
21600 2.6373300950694896 2.5947211819812375 384.01873493322313 
21700 2.546942346197701 2.5949651817197577 384.05484689452413 
21800 4.718720893416615 2.5952251952015497 384.09332888982937 
21900 3.9455925359171617 2.595349676327785 384.1117520965122 
22000 3.523523713192467 2.5948720767469857 384.0410673585539 
22100 5.224523083725824 2.594714925961638 384.0178090423225 
22200 6.539447197498221 2.595680606381747 384.16072974449855 
22300 4.178440773900074 2.5950344054929317 384.06509201295387 
22400 6.211390468354667 2.595968565449349 384.20334768650366 
22500 0.9145831570886411 2.5947182266492423 384.0182975440879 
22600 7.022889051569255 2.595760124285031 384.1724983941846 
22700 3.80349902798557 2.5947610794101914 384.0246397527083 
22800 5.770975486090864 2.5949052610102825 384.0459786295218 
22900 7.287811778961043 2.5955571717627755 384.14246142089075 
23000 2.4998750733030812 2.5953264564964567 384.1083155614756 
23100 7.487632607561981 2.59594619498447 384.20003685770155 
23200 4.906126548788486 2.5954593895875013 384.1279896589502 
23300 4.756450064035327 2.5964541219734705 384.27521005207365 
23400 5.677397668548155 2.5953772234942756 384.1158290771528 
23500 5.158737494883452 2.596394936226669 384.26645056154706 
23600 8.028483474456735 2.5953030748326205 384.1048550752278 
23700 4.937122302497948 2.595061890783992 384.06915983603085 
23800 8.64019081908831 2.5950246960089305 384.06365500932174 
23900 4.175655002023796 2.5952905417656735 384.10300018131966 
24000 4.977860574708166 2.5950054704250314 384.0608096229046 
24100 1.1457155063424738 2.594612250270677 384.0026130400602 
24200 5.411735604285738 2.5951967399143197 384.0891175073193 
24300 6.446742322065943 2.594837795750409 384.03599377106053 
24400 6.351163036742712 2.5954347055070777 384.1243364150475 
24500 7.534001716059537 2.5953860828004096 384.1171402544606 
24600 2.5117558629306718 2.595033305664771 384.0649292383861 
24700 5.668334591729089 2.5955598047814052 384.14285110764797 
24800 2.801210842683096 2.5943202315152294 383.95939426425394 
24900 5.103832625360412 2.5958925294808006 384.1920943631585 
25000 5.1905164848667456 2.595371144472829 384.1149293819787 
25100 6.465030911099071 2.5949860459327967 384.0579347980539 
25200 7.909586135796536 2.595672370772395 384.15951087431444 
25300 3.6649217331339132 2.59541353865187 384.12120372047673 
25400 4.902739901198746 2.5956201457269437 384.15178156758765 
25500 3.0492851489422783 2.5956564243422715 384.1571508026562 
25600 5.8163630396558155 2.5957059123731385 384.16447503122447 
25700 5.970083447059597 2.595675598902887 384.15998863762724 
25800 4.1406515150535865 2.5962930254562266 384.2513677675216 
25900 5.27520954737852 2.5950172239486022 384.06254914439313 
26000 3.195834744138881 2.595177185965589 384.0862235229072 
26100 4.714268049785267 2.5965485516946045 384.28918565080147 
26200 4.159614783745101 2.5942516964037194 383.9492510677505 
26300 9.597020340914119 2.5960277494813933 384.2121069232462 
26400 4.672962010460087 2.594963780902993 384.05463957364293 
26500 6.206503551473519 2.595318056345352 384.1070723391121 
26600 7.549525326076276 2.5952422612148287 384.09585465979467 
26700 6.684259726108194 2.5963065273723154 384.25336605110266 
26800 9.469895476745183 2.595989725614046 384.2064793908788 
26900 7.3562239037345885 2.595123089195552 384.0782172009417 
27000 5.311272818595039 2.595519063098023 384.13682133850745 
27100 5.358513100553821 2.595314389612067 384.10652966258596 
27200 5.219480529317283 2.5945229390784403 383.9893949836092 
27300 6.341069568633564 2.5944157649980095 383.9735332197054 
27400 6.222903433127781 2.5949305397624074 384.0497198848363 
27500 12.726497596118648 2.5959112830533093 384.19486989188977 
27600 7.334666333483375 2.594676026039623 384.01205185386425 
27700 4.346636815657574 2.5951200022641605 384.0777603350958 
27800 5.395139086479632 2.5954029905505953 384.1196426014881 
27900 1.8007664816507658 2.5944288495197285 383.9754697289198 
28000 5.063729797109837 2.596275033085863 384.2487048967077 
28100 3.0717693810921567 2.595120109055601 384.07777614022893 
28200 2.172063500656373 2.595050709816514 384.06750505284407 
28300 7.631248855078124 2.5953555591165687 384.1126227492522 
28400 9.748917501853768 2.5955590554054053 384.1427402 
28500 7.35288383531487 2.5950238350925368 384.0635275936954 
28600 3.480257991027397 2.594994983996051 384.05925763141556 
28700 5.488835802737622 2.59518440166125 384.08729144586505 
28800 5.040531525944002 2.5952319868805387 384.0943340583197 
28900 5.766636276766038 2.595106991790426 384.0758347849831 
29000 4.464906580594125 2.59503754083727 384.065556043916 
29100 8.381334058288633 2.5951127744601616 384.07669062010393 
29200 4.551938121512271 2.595973873269877 384.20413324394184 
29300 3.1281634380261663 2.5952300330378777 384.0940448896059 
29400 6.468768071126616 2.595677356714539 384.16024879375175 
29500 5.693686615606209 2.594639735162998 384.0066808041237 
29600 5.093138539276363 2.5952619266148425 384.09876513899667 
29700 5.418921440019367 2.59513499275101 384.0799789271495 
29800 2.7989825342613512 2.5943731438833226 383.96722529473175 
29900 3.774097639847307 2.5951751454653693 384.0859215288747 
30000 6.223126022762268 2.5963506126311735 384.25989066941366 
30100 -0.13773685994344564 2.5945211083775486 383.9891240398772 
30200 5.861087130507105 2.5950093520386823 384.06138410172497 
30300 4.326443538183659 2.595035868505643 384.0653085388352 
30400 5.924937472916032 2.5950036955796136 384.0605469457828 
30500 5.175650960052404 2.5956845203801233 384.16130901625826 
30600 2.483424254938596 2.5938382314706145 383.8880582576509 
30700 4.907106561803368 2.5951447343361442 384.08142068174936 
30800 4.376693504399423 2.5953148088401776 384.1065917083463 
30900 1.6406826949343962 2.5946389220050814 384.006560456752 
31000 4.248441302607186 2.5955033903737577 384.13450177531615 
31100 4.204459100265944 2.593953598085189 383.905132516608 
31200 4.993795055552905 2.59532737325125 384.108451241185 
31300 2.415905632897336 2.595590058702617 384.14732868798734 
31400 4.998359377437935 2.5950781226480317 384.0715621519087 
31500 0.897787680696001 2.595286677269819 384.10242823593325 
31600 3.1416089417002544 2.594862502767274 384.03965040955654 
31700 3.3987635625112027 2.5951419387060994 384.08100692850275 
31800 5.807042321475521 2.594866581439469 384.04025405304145 
31900 1.0648528912981599 2.594947213754456 384.05218763565944 
32000 6.881340789788417 2.594287561878604 383.9545591580334 
32100 4.114800588298273 2.5954982557665445 384.1337418534486 
32200 4.15935666576418 2.5957505772540923 384.17108543360564 
32300 4.945514516160773 2.595081914081308 384.0721232840336 
32400 4.164444683411952 2.59630429222922 384.25303524992455 
32500 4.956564992690543 2.595073375254276 384.0708595376328 
32600 2.220436966744442 2.5956643994048387 384.15833111191614 
32700 3.192500529294348 2.5949049753227897 384.0459363477729 
32800 5.026479873675027 2.5951088341754946 384.0761074579732 
32900 4.423373572155979 2.5949844577645673 384.057699749156 
33000 7.249375531013653 2.5962366766375427 384.2430281423563 
33100 4.5776187638361066 2.594864417134737 384.0399337359411 
33200 5.422057466396608 2.5946796835602033 384.0125931669101 
33300 2.2435329457807676 2.5939958081804453 383.9113796107059 
33400 5.482538590736437 2.5945686316598886 383.9961574856635 
33500 4.102603546423388 2.5948002367870218 384.0304350444792 
33600 5.128064615219412 2.5950164852345163 384.0624398147084 
33700 4.101368148811765 2.595107240448232 384.07587158633834 
33800 4.4249022147854165 2.5949850515534836 384.05778762991554 
33900 5.2691416234150585 2.5947278104874694 384.0197159521455 
34000 3.1350150857662795 2.5955392717907526 384.1398122250314 
34100 4.5859283565598385 2.595432008603224 384.1239372732772 
34200 3.0128848223421754 2.5961188875999084 384.22559536478644 
34300 5.663670298840416 2.59637902845955 384.2640962120134 
34400 2.801794569207617 2.595303457030582 384.10491164052615 
34500 6.759085888117315 2.5948571083468033 384.0388520353269 
34600 6.474625166854104 2.5944251597677392 383.9749236456254 
34700 2.8594402106694394 2.594723512275386 384.0190798167571 
34800 5.255591714793673 2.5949222703117862 384.0484960061444 
34900 4.762270235833144 2.5940785438140552 383.9236244844802 
35000 4.6011822867189265 2.5948614635340177 384.0394966030346 
35100 11.126252370052782 2.5955243025310786 384.1375967745996 
35200 6.467872854192664 2.5950468616717908 384.066935527425 
35300 4.822712766676711 2.5949174796754546 384.0477869919673 
35400 6.505003763892777 2.5954561285105493 384.1275070195613 
35500 8.485100963544951 2.596309247356389 384.25376860874553 
35600 4.193224702679306 2.5947401480189924 384.0215419068109 
35700 3.2379728217327433 2.5955400379916567 384.1399256227652 
35800 9.635478249176785 2.5956242187911696 384.1523843810931 
35900 1.8315411643527133 2.594355126922487 383.9645587845281 
36000 5.073000037172033 2.5946780393080457 384.0123498175908 
36100 6.412818823465792 2.5948177988202974 384.03303422540404 
36200 3.5440719354754515 2.5944763426327824 383.9824987096518 
36300 7.439724823007709 2.595249285534039 384.09689425903775 
36400 4.630481135368415 2.5944819904643466 383.9833345887233 
36500 8.064236928069748 2.595475922947669 384.130436596255 
36600 4.356565700556982 2.5939303262890334 383.9016882907769 
36700 6.3254693089070075 2.594781831266351 384.02771102741997 
36800 5.505377244340882 2.594854065095204 384.0384016340902 
36900 7.791760996255796 2.5948974917135685 384.0448287736082 
37000 4.348370003408217 2.594630777420329 384.0053550582087 
37100 4.231391513719743 2.595572004843053 384.1446567167718 
37200 3.6391226417262237 2.5947481771336576 384.02273021578134 
37300 8.324494548740441 2.5954284174372866 384.12340578071843 
37400 8.936523624932978 2.595015657504407 384.06231731065225 
37500 5.293107140715312 2.5956310528087263 384.1533958156915 
37600 8.747577569836679 2.5950881595136837 384.0730476080252 
37700 2.954758260190344 2.594580162635347 383.99786407003137 
37800 4.491990217018223 2.5934933539162475 383.8370163796046 
37900 5.150416307233554 2.595154508767294 384.0828672975595 
38000 4.7813779989262715 2.595084500650041 384.07250609620604 
38100 8.084172612570985 2.594961853934149 384.054354382254 
38200 4.955556047464674 2.5948552388898913 384.0385753557039 
38300 6.7279163711140315 2.5952309749811255 384.0941842972066 
38400 2.9791130887471216 2.5941871976499886 383.93970525219834 
38500 7.2244434252786025 2.594423934568152 383.9747423160865 
38600 4.426639970583784 2.5939119150238654 383.8989634235321 
38700 2.806082607120427 2.5943588635359642 383.9651118033227 
38800 5.289791302528918 2.5950388825531476 384.0657546178659 
38900 6.646537034558742 2.5952636731697356 384.0990236291209 
39000 3.908062772959081 2.594661424067469 384.0098907619854 
39100 4.9884709985550675 2.5950134001919403 384.06198322840714 
39200 5.722131983929416 2.594661367987279 384.00988246211733 
39300 6.991266765629252 2.594419959793942 383.9741540495034 
39400 2.788938800274713 2.5941157958432344 383.9291377847987 
39500 6.152418259716499 2.593962642058366 383.90647102463817 
39600 5.801563031659948 2.5938518352606357 383.8900716185741 
39700 5.698293821223904 2.593525221696443 383.84173281107354 
39800 3.5446777626515296 2.5938858010432835 383.89509855440593 
39900 3.4780716929343196 2.5941077351286914 383.9279447990463 
40000 6.556025793069271 2.5935716607587005 383.8486057922877 
40100 7.30715798530896 2.5940168755909125 383.91449758745506 
40200 0.3943362244978683 2.5930413035479893 383.7701129251024 
40300 5.156081696228931 2.594215860890256 383.9439474117579 
40400 3.407424057894758 2.5944574477259277 383.9797022634373 
40500 5.916905513907301 2.5942026304693213 383.9419893094596 
40600 6.254687881758466 2.593766384541117 383.87742491208536 
40700 5.18794280449171 2.594097209383248 383.9263869887207 
40800 2.5838733738460764 2.5945001145406743 383.9860169520198 
40900 4.384332556299578 2.594511907881961 383.9877623665302 
41000 4.911834649235834 2.5942493174310424 383.94889897979425 
41100 7.4963819196024195 2.594814735316803 384.03258082688683 
41200 4.729703486768384 2.595142436411051 384.0810805888355 
41300 5.85602233145153 2.594400280045969 383.9712414468034 
41400 3.3464867562423724 2.595205784425873 384.0904560950292 
41500 8.790507934269685 2.595119790317708 384.0777289670208 
41600 5.424834430815483 2.5945156925892503 383.9883225032091 
41700 1.2243206795619637 2.5943709825073413 383.9669054110865 
41800 3.4360519604756954 2.59474789716097 384.02268877982357 
41900 6.642612927588058 2.594426690570272 383.9751502044003 
42000 2.9703537421135335 2.593458171025703 383.831809311804 
42100 7.6408230430348825 2.593837936175807 383.88801455401943 
42200 0.7464481423243834 2.593038381362466 383.769680441645 
42300 6.367785476161279 2.5947684158138653 384.0257255404521 
42400 3.610306750780091 2.59426640392787 383.95142778132475 
42500 3.702821582631569 2.5942122212136924 383.9434087396265 
42600 2.2582409687076197 2.5935126800434674 383.8398766464332 
42700 4.185965897824087 2.59320042390802 383.793662738387 
42800 3.3086433507171638 2.59367383645653 383.86372779556643 
42900 3.328935916218363 2.594021659494847 383.91520560523736 
43000 2.4916007552324047 2.5941854561773714 383.93944751425096 
43100 3.9534712360450435 2.594152347640654 383.93454745081675 
43200 1.6078613445450038 2.593042004104503 383.77021660746647 
43300 2.9613532217244414 2.5946088419924975 384.0021086148896 
43400 5.0544654698785045 2.5945325571402367 383.99081845675505 
43500 7.89932286644288 2.594606782833303 384.0018038593288 
43600 6.5457883427699795 2.595144892623531 384.0814441082826 
43700 2.4742525643722573 2.595103179118962 384.07527050960636 
43800 2.189959855067075 2.593769197058595 383.8778411646721 
43900 2.589979479673725 2.593482759468946 383.835448401404 
44000 11.916451825387446 2.595380596561859 384.1163282911551 
44100 7.933185039039507 2.5946218525218008 384.0040341732265 
44200 4.888152304200915 2.593451869789129 383.8308767287911 
44300 4.955458733356043 2.5942168490180815 383.94409365467607 
44400 6.1950553436693125 2.5950793263724234 384.0717403031187 
44500 4.097300528687774 2.595306977061135 384.105432605048 
44600 5.468839320616055 2.5949300069227306 384.04964102456415 
44700 5.8861062460450055 2.5948215084817563 384.0335832552999 
44800 6.696415673394679 2.594903174446516 384.0456698180844 
44900 6.916853510668929 2.5945551486548637 383.99416200091986 
45000 6.28954430740058 2.5954348064211494 384.12435135033013 
45100 3.1405568394710857 2.594833602760077 384.03537320849136 
45200 1.443768093759334 2.595337485696859 384.10994788313513 
45300 3.4833446886464703 2.5952093312635247 384.09098102700165 
45400 2.7285343401728426 2.595350723561808 384.1119070871476 
45500 8.324662132389628 2.595717452265382 384.16618293527654 
45600 2.48921251154567 2.5951359878634794 384.080126203795 
45700 4.589760720462262 2.5952010873897735 384.0897609336865 
45800 3.057777078028308 2.594849915029054 384.03778742429995 
45900 4.226820821255316 2.594607656347277 384.00193313939695 
46000 3.0813169932868973 2.5945147601609415 383.98818450381935 
46100 6.843998409433308 2.5943718948019794 383.9670404306929 
46200 4.079659805024804 2.594947790052091 384.0522729277095 
46300 2.5014775165546093 2.594783060551903 384.0278929616817 
46400 4.2826424166251185 2.59530370041193 384.10494766096565 
46500 4.225559570968291 2.5946580984564487 384.0093985715544 
46600 2.122002721604262 2.5942573778032947 383.9500919148876 
46700 4.772818993807905 2.595013922658209 384.06206055341494 
46800 6.944093628718762 2.5949311028914614 384.0498032279363 
46900 9.971191687664444 2.596156615743873 384.2311791300932 
47000 6.898865354248429 2.594318174283636 383.95908979397814 
47100 7.714530418286153 2.5947380112230234 384.02122566100746 
47200 2.7251022075122844 2.5961304864624775 384.22731199644664 
47300 5.389338151719508 2.5956965561730465 384.1630903136109 
47400 5.659091726257407 2.5947187688822213 384.0183777945688 
47500 5.701980444919149 2.5954325814744643 384.1240220582207 
47600 4.39639075776318 2.5950952300749597 384.07409405109405 
47700 2.819263843383533 2.5947580445204084 384.0241905890204 
47800 12.876544756329537 2.5949815231637183 384.0572654282303 
47900 7.383148051606053 2.5950832865979487 384.0723264164964 
48000 6.837614523667168 2.5954460122547305 384.12600981370014 
48100 4.197727293610868 2.595579282573529 384.1457338208823 
48200 4.317280082079335 2.5942784123372453 383.9532050259123 
48300 2.096713135161142 2.595740473857279 384.1695901308773 
48400 1.6668723359753583 2.5954135047338975 384.12119870061684 
48500 3.883730486012259 2.595903989569988 384.1937904563582 
48600 8.418479209586359 2.5955545177256054 384.1420686233896 
48700 4.5066224316468615 2.5952639509502275 384.0990647406337 
48800 5.188095184524404 2.5949051540982686 384.04596280654374 
48900 7.654091535895673 2.596210952731467 384.23922100425716 
49000 4.49597860568998 2.5952222464714496 384.09289247777457 
49100 4.5039461109594905 2.593820314525619 383.8854065497916 
49200 4.54434200815385 2.595030505617125 384.0645148313345 
49300 4.233343131820206 2.5952470716041707 384.0965665974173 
49400 1.8547712109762058 2.593829855274264 383.886818580591 
49500 5.666474600050532 2.5955701050471953 384.1443755469849 
49600 6.883824474776607 2.594918469699591 384.04793351553946 
49700 3.0968127160770225 2.59526748954111 384.0995884520843 
49800 3.130571001874296 2.595508293378115 384.135227419961 
49900 5.018897031367823 2.5957030988451972 384.1640586290892 
50000 5.558462842663693 2.5958751669030664 384.18952470165385 
50100 3.3676639128555603 2.5956767781863217 384.1601631715756 
50200 3.9435280730901976 2.5953764811753546 384.11571921395245 
50300 6.224313103548746 2.595505207214747 384.1347706677825 
50400 7.362032293801449 2.5954919217257717 384.1328044154142 
50500 5.269958814237701 2.597196151767913 384.3850304616511 
50600 6.079506929691998 2.595551020067512 384.1415509699918 
50700 4.724129172321274 2.5954590361521 384.1279373505108 
50800 4.827519356270122 2.5956649183571163 384.1584079168532 
50900 4.844279395813026 2.5959420452702227 384.19942269999297 
51000 6.912627269755274 2.5963850364844587 384.26498539969987 
51100 4.8760519805751565 2.596283941040133 384.2500232739397 
51200 1.11828103681185 2.596536490809318 384.2874006397791 
51300 5.105305368786448 2.5952784583425346 384.1012118346951 
51400 10.348816959368085 2.5963791113097696 384.2641084738459 
51500 4.699934683539869 2.595770642187943 384.1740550438156 
51600 4.549514924715311 2.5956849373601485 384.16137072930195 
51700 7.112456114869378 2.5958804227064887 384.1903025605603 
51800 6.695154331920244 2.5960480669799506 384.21511391303267 
51900 6.7738544818499475 2.5961226108400908 384.2261464043334 
52000 5.4912349974622465 2.5956661838905375 384.15859521579955 
52100 5.266102880615288 2.5959403980278317 384.1991789081191 
52200 7.097677947654709 2.5971125124895122 384.37265184844784 
52300 3.3681177396159683 2.5953850969683563 384.11699435131675 
52400 7.488664213001793 2.5962593284337037 384.24638060818813 
52500 5.447530455070632 2.5954020543771663 384.1195040478206 
52600 7.867757574397936 2.5959247492068993 384.1968628826211 
52700 3.0434749077815777 2.59545847691939 384.1278545840697 
52800 5.11735169659161 2.5963498054906315 384.2597712126135 
52900 7.79324780075963 2.5961503301557594 384.2302488630524 
53000 3.8769573695254955 2.5961108093055705 384.22439977722445 
53100 5.594834896012987 2.5960807107884527 384.219945196691 
53200 6.804935697824445 2.5968625488379646 384.33565722801876 
53300 10.232257050674018 2.59739296470234 384.4141587759463 
53400 7.117827381287467 2.5965198925797077 384.2849441017967 
53500 3.4960012037053003 2.5957628871618086 384.17290729994767 
53600 3.658779016513334 2.596105966379057 384.2236830241004 
53700 8.312085664695527 2.595732510469485 384.1684115494838 
53800 3.6788877709861127 2.595582025379315 384.1461397561386 
53900 3.3227790413838036 2.5966639523503985 384.306264947859 
54000 1.2866524455842079 2.5950926609573624 384.07371382168964 
54100 4.846042795964463 2.5962153000964108 384.2398644142688 
54200 2.225519839048631 2.5966199581677207 384.2997538088227 
54300 3.1567821686091033 2.5955816337568822 384.14608179601856 
54400 7.578327270972085 2.596544685046172 384.28861338683345 
54500 2.235645460992375 2.5966215398052594 384.2999878911784 
54600 2.752708046070337 2.5957180500639803 384.16627140946906 
54700 7.522092853917705 2.5961714425249607 384.23337349369416 
54800 3.2762229467587636 2.595262271272908 384.09881614839037 
54900 7.617408477769998 2.5966067041032725 384.2977922072843 
55000 1.3176520046309967 2.596422077438516 384.27046746090036 
55100 1.4182313488151967 2.595535238762834 384.1392153368994 
55200 8.2851082135452 2.5965960609385332 384.2962170189029 
55300 5.459848059644281 2.596188873894743 384.23595333642197 
55400 5.996733590955393 2.5959225651741926 384.1965396457805 
55500 4.054693923700807 2.595368634547555 384.11455791303814 
55600 5.3100278819360165 2.596694633771317 384.31080579815495 
55700 5.007671477781032 2.596813324995638 384.32837209935445 
55800 4.324757653350731 2.596226493985436 384.2415211098445 
55900 3.3813237516696324 2.5962418908649867 384.24379984801806 
56000 2.3158823332926266 2.595604241632962 384.14942776167834 
56100 6.3894277437033065 2.5969948449785427 384.3552370568243 
56200 4.648728870724298 2.5965358923895825 384.2873120736582 
56300 2.92038196964568 2.5963338735787884 384.2574132896607 
56400 2.898103581873701 2.5962614965416173 384.2467014881594 
56500 5.4991763193699095 2.596064906816848 384.21760620889347 
56600 8.758781462198309 2.5965366719736336 384.28742745209775 
56700 6.120857262174033 2.5973225468103265 384.4037369279283 
56800 3.7824098611424466 2.5960790963419798 384.21970625861303 
56900 6.324660158280368 2.5957698180019966 384.1739330642955 
57000 7.853360838048843 2.596955516048 384.34941637510394 
57100 2.930626819998997 2.5973093291931617 384.40178072058796 
57200 7.157182515178622 2.596778146838465 384.32316573209283 
57300 5.158858356317253 2.595181900039118 384.08692120578945 
57400 7.391476709493162 2.5968161089999424 384.3287841319915 
57500 5.33955137340222 2.596651557231054 384.30443047019594 
57600 6.646152307052386 2.596575789262001 384.2932168107762 
57700 5.594525936255051 2.597283320474832 384.39793143027515 
57800 5.2391934427395315 2.5964482416382744 384.2743397624646 
57900 5.528655990380024 2.5960306080293214 384.21252998833955 
58000 5.43137100994575 2.596280266347936 384.2494794194945 
58100 7.904904688886974 2.596179481100633 384.2345632028937 
58200 6.2934432982529875 2.5970479115845015 384.36309091450624 
58300 3.3507433127730524 2.5965095975776085 384.28342044148604 
58400 7.6961818801496875 2.5965379650652056 384.28761882965046 
58500 4.633278416831313 2.596143065933249 384.2291737581209 
58600 2.9628890653334645 2.595868674323765 384.18856379991723 
58700 8.351432078398615 2.5968220223789533 384.3296593120851 
58800 5.011080471186844 2.596488278554041 384.2802652259981 
58900 2.793065922537438 2.5973997946675906 384.4151696108034 
59000 3.4377577192004916 2.59549221417836 384.1328476983973 
59100 2.606671574698108 2.5977843977735686 384.47209087048816 
59200 6.57111718085366 2.596434703175002 384.2723360699003 
59300 4.786566246461675 2.5962674760749764 384.2475864590965 
59400 7.894086020225213 2.5963310620098903 384.25699717746375 
59500 3.623638571404946 2.597121178498318 384.37393441775106 
59600 5.147734507224222 2.5965273620916562 384.28604958956515 
59700 3.0166617396661195 2.596296635681377 384.2519020808438 
59800 6.860361785350005 2.5967304957911974 384.3161133770972 
59900 7.0269186773150984 2.5967163558616466 384.3140206675237 
60000 5.599100277076299 2.5970536966415168 384.36394710294445 
60100 1.9553409619311903 2.596431155813051 384.2718110603315 
60200 4.84780813069103 2.5963360957172466 384.25774216615247 
60300 5.498962849424016 2.595823593012577 384.1818917658614 
60400 7.092674653154665 2.5965629625244424 384.29131845361746 
60500 4.017566999779932 2.5974960767077944 384.42941935275354 
60600 6.857443984950346 2.597059830709837 384.3648549450559 
60700 7.97358561396607 2.597556938394445 384.4384268823778 
60800 8.426510802841225 2.5977587813653176 384.468299642067 
60900 6.617089455087488 2.5972772744792048 384.3970366229223 
61000 9.60318579017119 2.596670970975741 384.30730370440966 
61100 6.970307769042311 2.597011494774571 384.3577012266365 
61200 4.480587661746519 2.59693405807421 384.34624059498304 
61300 5.15041354352314 2.597057856920823 384.36456282428185 
61400 6.907744708382155 2.5973127059985694 384.4022804877883 
61500 5.555775795856039 2.596846966601612 384.33335105703856 
61600 4.589023621247477 2.597173635922311 384.38169811650204 
61700 3.88812345137344 2.596530545696244 384.28652076304417 
61800 6.095759059073817 2.59716360698188 384.38021383331824 
61900 5.202110474462623 2.5968528712889345 384.3342249507623 
62000 5.857644308946351 2.5972537899317443 384.39356090989816 
62100 7.935659941145472 2.596935446173733 384.3464460337125 
62200 8.699535945523564 2.5969915939789434 384.35475590888365 
62300 5.851448382155874 2.5973383466701754 384.406075307186 
62400 6.735063385197006 2.597520844902662 384.43308504559394 
62500 3.9813035986612633 2.596911181892028 384.34285492002016 
62600 3.484999839083793 2.5962333554394745 384.24253660504223 
62700 8.434224461889025 2.596090348081261 384.22137151602664 
62800 8.814476420268436 2.5962660176057883 384.24737060565667 
62900 9.133776976815643 2.5966453468188155 384.3035113291847 
63000 3.3598869386828385 2.5970838827811744 384.3684146516138 
63100 3.279628225863254 2.5962492807715796 384.24489355419377 
63200 5.495013815610464 2.5965654611633355 384.2916882521736 
63300 5.155793008205971 2.5968178210316784 384.3290375126884 
63400 5.938162386121993 2.596809916818311 384.32786768911 
63500 1.030316225511478 2.597051847969361 384.36367349946545 
63600 6.640868883655629 2.5969504090543243 384.34866054004 
63700 2.2014328237425023 2.596626254229522 384.30068562596927 
63800 0.931172784799192 2.59701131225135 384.3576742131998 
63900 4.1938678149882 2.597055221137173 384.36417272830164 
64000 3.6553593447527577 2.597397412991269 384.4148171227078 
64100 2.7603848427060527 2.5975050777033872 384.43075150010134 
64200 5.040101242046035 2.596200653269328 384.2376966838605 
64300 6.061210561362689 2.596919181681216 384.34403888881997 
64400 0.7309815606071348 2.596695179935601 384.31088663046893 
64500 5.794106424050607 2.5970580748028107 384.364595070816 
64600 6.735472848580133 2.5975320368675043 384.4347414563906 
64700 4.568208644956874 2.5966820419876333 384.30894221416975 
64800 10.171462232645174 2.5974007664452676 384.4153134338996 
64900 5.21613106425358 2.597245494222653 384.39233314495266 
65000 2.493229948796496 2.596934983157274 384.34637750727654 
65100 3.325937622872142 2.596738581506982 384.31731006303335 
65200 8.30128254434684 2.5969988754145943 384.35583356135993 
65300 8.161305456025769 2.596783753441825 384.32399550939016 
65400 5.850507992817729 2.597410582273009 384.4167661764053 
65500 3.192358937774758 2.596684344193993 384.309282940711 
65600 1.6597920425065888 2.5972729798849756 384.3964010229764 
65700 6.230990908847919 2.5974210410545355 384.4183140760712 
65800 4.757136950286796 2.5973802333942313 384.4122745423462 
65900 6.282819615360229 2.5969323173769405 384.3459829717872 
66000 9.347900875024884 2.5976050681009863 384.445550078946 
66100 5.463984041802837 2.5977717594192917 384.47022039405516 
66200 6.295316975221599 2.5973701368343214 384.4107802514796 
66300 6.607447347045534 2.597708905630942 384.4609180333794 
66400 5.787078682751024 2.5971365046364365 384.3762026861926 
66500 5.996302897144389 2.597922364486656 384.4925099440251 
66600 3.5873499863541722 2.59732823261853 384.4045784275424 
66700 5.054566462322519 2.5969369497021164 384.34666855591325 
66800 8.498357735309659 2.5985783296008256 384.5895927809222 
66900 4.247319927641616 2.5976381004501214 384.45043886661796 
67000 3.7213255045160567 2.5975363393072652 384.43537821747526 
67100 5.392178259017484 2.5978637999745997 384.48384239624073 
67200 4.8165577076288075 2.596855583231754 384.3346263182996 
67300 5.076714419796749 2.598143594805909 384.5252520312745 
67400 6.842961766382953 2.5981005106537607 384.5188755767566 
67500 4.092159666918649 2.5972218932308793 384.3888401981701 
67600 5.48287676462855 2.5977855667710266 384.4722638821119 
67700 5.073319840978097 2.597691562953966 384.45835131718695 
67800 8.020912763639135 2.596832430819074 384.33119976122293 
67900 6.764849639434952 2.59780145570586 384.4746154444673 
68000 8.774656563780788 2.5984636218443993 384.5726160329711 
68100 6.597732980131142 2.5977299064240165 384.4640261507544 
68200 7.884688086041172 2.5980848228845685 384.5165537869162 
68300 3.6262206249110953 2.597960085913979 384.4980927152689 
68400 8.738143449177102 2.5986295016605405 384.59716624576 
68500 4.901041572368175 2.598502354705856 384.5783484964667 
68600 3.9127718784809984 2.59789215387034 384.4880387728103 
68700 2.2022596879695433 2.596775771268317 384.32281414771086 
68800 8.767717862837316 2.5977132894607644 384.46156684019314 
68900 6.0227785574674835 2.5976080469116254 384.44599094292056 
69000 4.414867653657012 2.597275906663392 384.39683418618205 
69100 5.5207679870140955 2.5980152424579153 384.5062558837715 
69200 3.562555463283009 2.597781545776113 384.4716687748647 
69300 5.316004403313933 2.599741282376196 384.76170979167705 
69400 7.82669327972442 2.5984961856209323 384.577435471898 
69500 4.10412936668847 2.5982927668868325 384.5473294992512 
69600 4.986357354338174 2.5973089150757405 384.4017194312096 
69700 6.290440438029528 2.5979621231368615 384.4983942242555 
69800 11.678045243548263 2.5985075033467795 384.5791104953234 
69900 4.8814348816161415 2.5990052716378385 384.6527802024001 
70000 7.134242787969698 2.5985956184126833 384.5921515250771 
70100 4.779434481252871 2.598111893961689 384.52056030632997 
70200 5.368354668282215 2.5989561736477342 384.6455136998647 
70300 5.614655835203263 2.597440480637483 384.42119113434745 
70400 7.334824445124481 2.5982341774375883 384.53865826076304 
70500 3.916280875867143 2.598008274035219 384.50522455721244 
70600 4.301407699595489 2.5982624370033203 384.5428406764914 
70700 5.638608895872134 2.597880132984565 384.48625968171564 
70800 6.224375848786229 2.5986009288031355 384.59293746286403 
70900 8.834614990070492 2.5989843111445494 384.6496780493933 
71000 3.612244292726137 2.597222647490495 384.38895182859324 
71100 6.637131875461698 2.598448396950407 384.5703627486602 
71200 5.427159048422291 2.597904221354337 384.4898247604419 
71300 6.794392796830607 2.5986214984722507 384.5959817738931 
71400 5.144624746644439 2.597761828324692 384.46875059205445 
71500 7.003232974504933 2.598475033708914 384.57430498891927 
71600 6.269758436465051 2.5985799316987688 384.58982989141776 
71700 6.798453101124673 2.5981683970170724 384.52892275852673 
71800 3.9854737802077453 2.5976462534608653 384.4516455122081 
71900 2.401165152148951 2.5979446928749157 384.4958145454875 
72000 4.965146288284255 2.598870708020823 384.6328647870818 
72100 4.832621495866465 2.598209383156271 384.5349887071281 
72200 2.255351667640131 2.597766643447883 384.4694632302867 
72300 6.680268127792173 2.59820801236357 384.5347858298083 
72400 6.663703976953503 2.598487786225867 384.57619236142835 
72500 2.4092911967812016 2.597589875562688 384.4433015832778 
72600 6.507237409869908 2.5987793135514434 384.61933840561363 
72700 4.274244619472926 2.5973776469729306 384.4118917519937 
72800 8.370377630975376 2.598288518869662 384.54670079271 
72900 3.6744822756044186 2.59812179622417 384.52202584117714 
73000 7.147074030941252 2.599053513216727 384.6599199560756 
73100 8.013246212992222 2.5983538383646727 384.55636807797157 
73200 5.6095475019472465 2.5983952921484645 384.56250323797275 
73300 3.993484716484967 2.598443317577077 384.5696110014074 
73400 3.0930719683644696 2.597670528894672 384.4552382764114 
73500 5.390455572034435 2.597722903803555 384.46298976292616 
73600 4.552042741453815 2.5979071838314756 384.4902632070584 
73700 6.558973688879815 2.5972224950573137 384.3889292684824 
73800 7.435740497355267 2.597532108993091 384.4347521309775 
73900 6.965944635557311 2.597716194698799 384.46199681542225 
74000 7.921561551952966 2.5972148621581317 384.3877995994035 
74100 6.245855901161811 2.5985112059331157 384.5796584781011 
74200 4.033082627297353 2.5976145429421247 384.44695235543446 
74300 6.521120493421599 2.598303326678727 384.54889234845166 
74400 2.637688232142632 2.5979527046978013 384.4970002952746 
74500 3.6496131038865345 2.597585260241092 384.4426185156816 
74600 4.708325652020649 2.5977397534992948 384.4654835178956 
74700 5.971286746451224 2.597545440680456 384.4367252207075 
74800 1.3687190112775092 2.59704564194923 384.36275500848603 
74900 6.400534132307573 2.597703988475353 384.4601902943523 
75000 5.264557333324442 2.598632802590064 384.59765478332946 
75100 3.899475347334163 2.598283634802748 384.54597795080673 
75200 4.333944613687377 2.5977637008290277 384.4690277226961 
75300 2.7447735713086 2.5988119388748454 384.62416695347713 
75400 6.377002105422443 2.5985232597815187 384.58144244766476 
75500 5.45043315477685 2.5982830310166123 384.5458885904586 
75600 2.562571803231661 2.5975660984805926 384.4397825751277 
75700 5.013526214556999 2.597665087722778 384.4544329829711 
75800 7.075213438405762 2.5985356540205835 384.58327679504634 
75900 5.681583707829098 2.598572913564922 384.58879120760844 
76000 5.404897944521249 2.598600354929763 384.59285252960495 
76100 4.5187663274723935 2.5980947045458365 384.5180162727838 
76200 1.8997377403648184 2.5985923129000255 384.5916623092038 
76300 6.704193743973934 2.598019219674266 384.5068445117914 
76400 6.213835092498265 2.5997004882437067 384.7556722600686 
76500 3.9011579895165305 2.5995739858680817 384.7369499084761 
76600 4.614572062991008 2.5983991513118 384.5630743941464 
76700 6.356531248980419 2.5978550464872434 384.482546880112 
76800 5.989858115082292 2.5987576349815926 384.6161299772757 
76900 7.404487984127701 2.5990195826851785 384.6548982374064 
77000 4.362780186835382 2.5980273023151943 384.50804074264875 
77100 5.953947568023519 2.597905001020981 384.4899401511052 
77200 8.942446057059458 2.5982062245858453 384.5345212387051 
77300 4.468516569969765 2.598820861798707 384.6254875462086 
77400 9.603862170054342 2.598818533223274 384.62514291704457 
77500 4.791416591937282 2.598077937491013 384.5155347486699 
77600 6.578716270714143 2.5986218025899763 384.5960267833165 
77700 4.311440267894831 2.598373294258053 384.55924755019186 
77800 5.651918805177617 2.598837710951298 384.6279812207921 
77900 9.606906135255944 2.599167301365353 384.67676060207225 
78000 6.800267205105376 2.5992305733632945 384.6861248577676 
78100 4.972040634088749 2.598255095053794 384.5417540679615 
78200 1.7351557753811804 2.5986082096311223 384.5940150254061 
78300 6.194484118555089 2.5989849471220574 384.6497721740645 
78400 3.822569050487809 2.598418457768446 384.56593174973 
78500 9.979724645296397 2.599385103039799 384.7089952498903 
78600 5.855768491196473 2.599215729498217 384.68392796573613 
78700 7.770137187357182 2.5989500688975413 384.64461019683614 
78800 4.445273219745934 2.599204693995874 384.6822947113894 
78900 1.9064544498874971 2.5983992235669704 384.56308508791165 
79000 6.492903417635931 2.599599119971802 384.7406697558267 
79100 6.457592607160745 2.5989626946479674 384.6464788078992 
79200 4.340291882618298 2.5991501439678157 384.67422130723673 
79300 4.913953775742347 2.5997322068005384 384.7603666064797 
79400 3.719641428200383 2.5983848847559874 384.5609629438861 
79500 7.437844818764936 2.5990799031694047 384.6638256690719 
79600 8.977745281686506 2.599952857363927 384.7930228898612 
79700 5.715294366899548 2.5993241759388237 384.6999780389459 
79800 7.793467647515121 2.599365980566277 384.706165123809 
79900 4.132629068997722 2.5993845163984513 384.70890842697077 
80000 3.247635271387222 2.5984743462537168 384.5742032455501 
80100 6.022301033703367 2.599438737143822 384.7169330972857 
80200 6.309541925669929 2.5995545656483743 384.73407571595936 
80300 5.375698336734722 2.5995197400620853 384.72892152918865 
80400 5.42437311467707 2.599892191161012 384.7840442918298 
80500 8.451109269199717 2.5994651974415905 384.7208492213554 
80600 6.603096581516366 2.598843469503541 384.62883348652406 
80700 6.856583454902923 2.5996843502982827 384.7532838441458 
80800 5.0351991483058 2.598557477824143 384.5865067179732 
80900 8.874557837793475 2.601264004710964 384.9870726972227 
81000 4.049073596329304 2.5997222150287533 384.7588878242555 
81100 10.39355127713332 2.599962933488522 384.79451415630126 
81200 5.400196788820132 2.5995481748116567 384.7331298721252 
81300 6.108263592882041 2.5993642132814787 384.70590356565884 
81400 4.179674098020695 2.59964288360382 384.7471467733654 
81500 8.132746466198821 2.5990094701916653 384.6534015883665 
81600 6.799510525913821 2.6000163943931187 384.8024263701816 
81700 6.259258471871712 2.5996740011417967 384.7517521689859 
81800 7.376222347122307 2.5988439900516362 384.6289105276422 
81900 7.247913189313514 2.5994940592654574 384.7251207712877 
82000 4.054186104481991 2.6005581432113245 384.882605195276 
82100 3.1808964739160563 2.5992700669214677 384.69196990437723 
82200 4.3658126793334695 2.5999850183471596 384.7977827153796 
82300 4.5054586004614245 2.599535435357085 384.7312444328486 
82400 3.188240045193142 2.600098230903668 384.8145381737429 
82500 4.903444300112631 2.600171697061425 384.8254111650909 
82600 3.478100473959059 2.599945858885041 384.79198711498606 
82700 2.8177818510324446 2.600830468968634 384.92290940735785 
82800 8.97051180256949 2.600042135810939 384.806236100019 
82900 8.477852374633061 2.6008727007249965 384.9291597072995 
83000 5.351215885622387 2.599483061806269 384.7234931473279 
83100 5.561636849936345 2.6003280463842815 384.8485508648737 
83200 6.960233242067493 2.600485408246302 384.8718404204527 
83300 5.17292872602587 2.6007049105094553 384.9043267553994 
83400 3.88023135677611 2.6009213664753945 384.9363622383584 
83500 7.046220909305801 2.5995978760002787 384.7404856480413 
83600 5.868468359517994 2.599703212155205 384.7560753989703 
83700 4.90929967203319 2.6005980907610593 384.8885174326368 
83800 6.778887979207793 2.6009525841918464 384.9409824603933 
83900 4.15701800786874 2.5998045095111024 384.77106740764316 
84000 7.942694951072118 2.6004309481712693 384.86378032934783 
84100 5.306002129676008 2.600692764229412 384.902529105953 
84200 4.321842690385158 2.6000014539249365 384.8002151808906 
84300 2.882538321085196 2.6004001474084433 384.85922181644963 
84400 6.013850865737338 2.6002623865029717 384.8388332024398 
84500 1.9743866402288885 2.599657284750509 384.74927814307534 
84600 4.552932231314599 2.600598120812493 384.88852188024896 
84700 3.3775295525805005 2.6003074571675686 384.84550366080015 
84800 6.663015828547648 2.6004054841762536 384.8600116580855 
84900 3.929264804944795 2.600228423689733 384.8338067060805 
85000 5.560393217584037 2.600463600123051 384.86861281821155 
85100 1.6445667602759304 2.599548300481508 384.7331484712632 
85200 5.28578248901112 2.600471200906335 384.8697377341376 
85300 2.7535738622981496 2.600431086782344 384.8638008437869 
85400 6.0122982361426764 2.601239286908249 384.9834144624208 
85500 2.8503450092173317 2.600075098232404 384.81111453839577 
85600 1.0309501580348384 2.5999364075839835 384.7905883224295 
85700 6.47243663141942 2.600203427218749 384.8301072283748 
85800 7.436032265565909 2.6000197443362216 384.8029221617608 
85900 2.144715726424616 2.5995989129392165 384.74063911500406 
86000 7.7835680101981355 2.6011434894002963 384.96923643124387 
86100 4.795946098539566 2.599472246985518 384.7218925538566 
86200 6.400532522853922 2.6005047480956955 384.87470271816295 
86300 4.517284417092111 2.6000864455986394 384.81279394859865 
86400 5.171280425181575 2.6011136604049954 384.96482173993934 
86500 2.855671128188824 2.599775445036212 384.7667658653594 
86600 4.750196698809515 2.6003237719268273 384.84791824517043 
86700 5.742591451318109 2.6004520028638383 384.86689642384806 
86800 5.02757979499591 2.6002316290802665 384.83428110387945 
86900 5.553588798818818 2.6009687910122996 384.94338106982036 
87000 3.737129986532837 2.600485746922237 384.87189054449107 
87100 4.607718449324718 2.6004972152835255 384.87358786196177 
87200 1.654717315342423 2.6003890856133216 384.8575846707716 
87300 5.333830542256224 2.600436921033892 384.864664313016 
87400 2.373702662693855 2.599488592466662 384.72431168506597 
87500 4.245293003988806 2.600341670859714 384.85056728723765 
87600 3.579705307606633 2.6001530841265725 384.8226564507327 
87700 5.233983764150148 2.6006161530425196 384.8911906502929 
87800 1.691949858736879 2.5995617547047494 384.7351396963029 
87900 6.096676364378274 2.600452220935159 384.8669286984035 
88000 5.481335627702122 2.6006589720847897 384.8975278685489 
88100 3.349567863278337 2.5998422923966054 384.7766592746976 
88200 8.596836855695624 2.6004608115816 384.86820011407684 
88300 4.997359643828834 2.6006241830290704 384.8923790883024 
88400 2.4271809987671276 2.599912358954534 384.78702912527103 
88500 6.783103200948218 2.6010444061183833 384.95457210552075 
88600 3.1537141728268265 2.6004011720093403 384.85937345738233 
88700 3.0089201386554407 2.6015204310325886 385.0250237928231 
88800 3.572279480728806 2.601048344181174 384.95515493881373 
88900 4.112788477598383 2.6001456532606726 384.8215566825795 
89000 4.72944906318273 2.600455072384834 384.86735071295544 
89100 7.0019747308124245 2.600756551929665 384.91196968559046 
89200 8.61093944601635 2.6004988889802907 384.87383556908304 
89300 5.956144472637348 2.6011263008526018 384.96669252618506 
89400 5.39979141750042 2.600946378661784 384.9400640419441 
89500 5.294091128030634 2.600197341286186 384.82920651035556 
89600 5.397864860951686 2.6005924949875023 384.8876892581504 
89700 2.3663151020851068 2.600147642624704 384.8218511084562 
89800 2.6181291465866083 2.6006353148865595 384.8940266032108 
89900 2.1903094289894334 2.600031909749223 384.804722642885 
90000 6.857600968008953 2.6002092821653187 384.83097376046715 
90100 4.256430190518059 2.6010179124426314 384.95065104150945 
90200 1.877045629454476 2.600958605896051 384.94187367261554 
90300 2.6750423941889716 2.6003073189411796 384.8454832032946 
90400 1.731165630931109 2.6003231691797177 384.8478290385982 
90500 1.8726617231229792 2.6008918202876017 384.931989402565 
90600 3.7447971548939476 2.6002790544709264 384.8413000616971 
90700 2.8334341582175178 2.6007722763560714 384.91429690069856 
90800 2.060666664485993 2.600974505742082 384.9442268498281 
90900 3.552165718495446 2.600530053072098 384.87844785467047 
91000 5.286583326995209 2.6011370641908744 384.9682855002494 
91100 3.8816166810756894 2.600868368935778 384.92851860249516 
91200 2.7684697209038847 2.6011919277430495 384.97640530597135 
91300 2.8568153921323933 2.6009085715038123 384.9344685825642 
91400 3.790775653283287 2.601462524326966 385.01645360039095 
91500 4.582262642905134 2.6014585709014155 385.01586849340947 
91600 5.413284320802993 2.601475111851357 385.0183165540008 
91700 2.914480747959776 2.600398089627042 384.8589172648022 
91800 4.773940896959222 2.600875607414588 384.929589897359 
91900 3.3730815520536304 2.6014110385785343 385.0088337096231 
92000 5.476782146736425 2.599942971930085 384.79155984565256 
92100 3.473782700963655 2.600896440222634 384.9326731529498 
92200 4.680302300113848 2.6007685864918884 384.9137508007995 
92300 3.0150785468106607 2.600492207594603 384.8728467240012 
92400 4.231369570642513 2.6009299514711346 384.93763281772794 
92500 8.899187517459954 2.601045075381113 384.9546711564047 
92600 4.478614848616457 2.6006996435455254 384.90354724473775 
92700 3.5062475665956994 2.6009270234338415 384.9371994682085 
92800 3.480416805589048 2.600177289092632 384.8262387857095 
92900 5.203991872041439 2.600589868321882 384.88730051163856 
93000 7.200505252702766 2.6009640469531385 384.9426789490645 
93100 7.287170542047724 2.6010311406571653 384.95260881726045 
93200 6.057490697756938 2.6017701926036545 385.0619885053409 
93300 7.636719472169886 2.6008117462381937 384.92013844325265 
93400 2.9135171643498206 2.6005857588119534 384.8866923041691 
93500 4.146684421511295 2.6009162768115783 384.93560896811357 
93600 3.7963514363724977 2.6012766511074674 384.9889443639052 
93700 4.9536931505136685 2.600454412715803 384.8672530819388 
93800 2.465383237713036 2.6007374135461188 384.9091372048256 
93900 4.844641288875216 2.6003506570162447 384.8518972384042 
94000 5.937776943940716 2.600398235855463 384.8589389066085 
94100 2.2265414011333453 2.6017197985498175 385.054530185373 
94200 8.07193012216609 2.6011121581397325 384.9645994046804 
94300 6.777320849937802 2.601535965312827 385.0273228662984 
94400 2.0667456049565 2.6005062115219064 384.87491930524214 
94500 6.605440907321885 2.600527623641899 384.87808829900104 
94600 8.790919034598748 2.600914271901677 384.93531224144823 
94700 2.837279824225745 2.6003188952403775 384.8471964955759 
94800 4.981210283983431 2.6006612891008887 384.8978707869315 
94900 6.01425568169133 2.6011150872413915 384.9650329117259 
95000 3.582650598274708 2.6005573586983854 384.882489087361 
95100 4.564011993952819 2.600277755539649 384.841107819868 
95200 3.9955945592999633 2.6006030864028014 384.8892567876146 
95300 5.311309551480438 2.6004157941877097 384.86153753978107 
95400 3.264812352182428 2.6008539614672728 384.9263862971564 
95500 6.793547305802112 2.600261543519817 384.8387084409329 
95600 3.857622603745398 2.6004765729354653 384.8705327944489 
95700 4.1920223551896925 2.60073755515881 384.9091581635039 
95800 8.248221299353636 2.6006596188157283 384.8976235847278 
95900 4.768389429470031 2.5996578474333103 384.7493614201299 
96000 5.774672321887429 2.5999220528193296 384.7884638172608 
96100 3.6283383100083935 2.6002559185828225 384.83787595025774 
96200 5.576490069836538 2.6000584180170963 384.80864586653024 
96300 8.445473845384868 2.6001902185622607 384.8281523472146 
96400 2.7396108361240437 2.601136806495179 384.9682473612865 
96500 5.580818383119774 2.601562617090506 385.0312673293949 
96600 5.410514742419248 2.599936210804933 384.7905591991301 
96700 5.763317367600999 2.60025755665 384.8381183842 
96800 4.302818017061504 2.600369217337684 384.8546441659772 
96900 5.140795579427039 2.6003548683107844 384.8525205099961 
97000 6.443802615607746 2.600645454525092 384.89552726971357 
97100 5.634032574028869 2.599586433939434 384.7387922230362 
97200 5.0084332692379405 2.6003880046331167 384.8574246857013 
97300 6.377776383304396 2.5998932646282675 384.7842031649836 
97400 6.462459477327066 2.600915898058605 384.93555291267353 
97500 1.9331238211387722 2.600108557546279 384.8160665168493 
97600 5.611356446318523 2.601240096960997 384.9835343502275 
97700 6.045421429397109 2.6024243469827546 385.1588033534477 
97800 7.478142674694331 2.600224682420075 384.8332529981711 
97900 4.087398918039458 2.600977314376845 384.94464252777306 
98000 4.923493770996741 2.6005100958413525 384.87549418452016 
98100 7.189438380749033 2.6009781140071193 384.94476087305367 
98200 6.188122464092104 2.60080446844742 384.91906133021814 
98300 3.2751951459997004 2.600284395673269 384.8420905596438 
98400 7.356836298672539 2.6006539891107407 384.89679038838966 
98500 3.2621443177691534 2.600550930609481 384.8815377302032 
98600 3.836426059019103 2.600937864694947 384.93880397485214 
98700 5.086706656870289 2.6002974014505997 384.8440154146888 
98800 5.445899255986763 2.6006921922749897 384.90244445669845 
98900 2.762343353391959 2.600046326040701 384.8068562540237 
99000 5.955158524810551 2.600231926539807 384.8343251278914 
99100 4.250862514832509 2.599932531335578 384.79001463766554 
99200 5.725296353962083 2.6005996951855854 384.88875488746663 
99300 4.707817643845804 2.599993476823416 384.79903456986557 
99400 6.393113009336301 2.600016798944975 384.8024862438563 
99500 4.92833242558312 2.6006575272106796 384.8973140271806 
99600 5.187796621584991 2.5997840979355185 384.7680464944567 
99700 6.010468534530869 2.6003674919454713 384.85438880792975 
99800 6.864090212522173 2.6005345749429214 384.87911709155236 
99900 7.167113345702379 2.5996978262420836 384.7552782838284 
