# istep   pe  t_kin   ke
0 -2.1936439383185697 1.080526619123422 159.91793963026646 
100 -4.776613306627563 1.068589880426806 158.15130230316728 
200 -5.167361275600379 1.0682653577791987 158.1032729513214 
300 -4.985162162958713 1.068477740102454 158.13470553516322 
400 -5.034445471005678 1.0680393617045123 158.06982553226783 
500 -4.960425026571234 1.068597872904651 158.15248518988835 
600 -4.877645883617546 1.0692743925634758 158.25261009939442 
700 -4.922143286861583 1.0682928209325007 158.1073374980101 
800 -5.080168656150942 1.0680887935642462 158.07714144750844 
900 -4.849184792477941 1.0686229336526194 158.15619418058768 
1000 -4.910804371556879 1.0685446477067755 158.14460786060278 
1100 -5.033412034963568 1.0678836563259917 158.04678113624678 
1200 -4.699713869285344 1.0695297592290816 158.29040436590407 
1300 -4.902884011623571 1.0683065815641037 158.10937407148737 
1400 -5.000691334284084 1.0683744335194303 158.1194161608757 
1500 -4.978014282023792 1.0680930743072898 158.07777499747888 
1600 -4.9287731054121915 1.06814901479473 158.08605418962003 
1700 -4.8877064483493005 1.0689751158912282 158.20831715190178 
1800 -4.9168733535219165 1.0687374141372223 158.17313729230892 
1900 -5.045015668516319 1.0684839803243542 158.1356290880044 
2000 -5.034693962251738 1.0687070597275898 158.16864483968328 
2100 -4.997190396274921 1.0683561313355194 158.11670743765688 
2200 -4.91589199293739 1.0684388009475871 158.1289425402429 
2300 -5.049234806390916 1.0680561985226116 158.07231738134652 
2400 -4.984239156901827 1.0682979810371414 158.1081011934969 
2500 -5.060194034419527 1.0681545025742143 158.0868663809837 
2600 -4.895182213890062 1.0685782041497107 158.14957421415718 
2700 -5.063049010467305 1.0682613181181049 158.10267508147953 
2800 -4.980807805810049 1.0677541958697396 158.02762098872145 
2900 -5.047306192180402 1.068266653555123 158.10346472615822 
3000 -4.98195414558328 1.068300366724748 158.1084542752627 
3100 -4.946280648575388 1.0682692006783308 158.10384170039296 
3200 -5.048881398368903 1.0677528737119637 158.02742530937064 
3300 -4.891413438137206 1.0680783244906034 158.0755920246093 
3400 -4.827236853078764 1.069209290310446 158.24297496594602 
3500 -4.927943541768202 1.0682585031819918 158.10225847093477 
3600 -4.794643581392331 1.068529582804796 158.1423782551098 
3700 -4.899158234597515 1.0687476295816425 158.1746491780831 
3800 -4.900844615952195 1.0686292739754852 158.1571325483718 
3900 -4.767583455941588 1.0686370458442294 158.15828278494595 
4000 -4.9731761723964985 1.0685749217627991 158.14908842089426 
4100 -4.844280405880758 1.0683659419342209 158.11815940626468 
4200 -4.891556313500282 1.0684500746314547 158.13061104545528 
4300 -4.935335571864043 1.0687532712902246 158.17548415095325 
4400 -4.910010927586464 1.068375441633812 158.11956536180418 
4500 -4.891135061018053 1.0690901510009962 158.22534234814745 
4600 -4.942962889642877 1.0683537262051808 158.11635147836677 
4700 -4.906862992102929 1.0683276208849306 158.11248789096973 
4800 -4.8110332979877946 1.0687748891723152 158.17868359750264 
4900 -4.754923646857572 1.0686523112256245 158.16054206139242 
5000 -4.8441308630405295 1.0687455430215511 158.17434036718956 
5100 -5.167323609328227 1.0677888986001376 158.03275699282037 
5200 -5.0286717555766565 1.0682377921698805 158.0991932411423 
5300 -4.998972875762362 1.0685029530122931 158.1384370458194 
5400 -4.919593947909153 1.0681250008641812 158.0825001278988 
5500 -5.066705686241196 1.0677585097171272 158.02825943813482 
5600 -4.889183169403429 1.0683335145863004 158.11336015877248 
5700 -4.684777375769949 1.069509294430557 158.28737557572245 
5800 -5.071986673996056 1.06814453033213 158.08539048915523 
5900 -4.975102540019873 1.0683598748516576 158.11726147804532 
6000 -5.075673549039437 1.068182196831279 158.0909651310293 
6100 -4.813638541722546 1.0688989765711159 158.19704853252514 
6200 -4.942461407141168 1.0682641914980298 158.1031003417084 
6300 -4.99309234677435 1.0683554961301198 158.11661342725773 
6400 -4.88061923875782 1.0685652434263837 158.1476560271048 
6500 -4.969694148652665 1.0684845410336334 158.13571207297775 
6600 -5.02745588492589 1.0682752618865134 158.104738759204 
6700 -5.01257440825415 1.06812163189175 158.082001519979 
6800 -4.959681475640773 1.0682633772333836 158.1029798305408 
6900 -4.901200358300903 1.0688130627261863 158.18433328347555 
7000 -5.0308244106393705 1.0682067034020064 158.09459210349695 
7100 -4.968430787352108 1.0680648632343344 158.0735997586815 
7200 -4.718638601381922 1.0691609742190484 158.23582418441916 
7300 -5.048820930722305 1.068265617866169 158.103311444193 
7400 -5.0422579689703095 1.0683865844484486 158.1212144983704 
7500 -4.957083604444892 1.068525874000385 158.14182935205696 
7600 -4.998284829582666 1.0677074753041045 158.02070634500745 
7700 -4.846780697098108 1.0683621106923258 158.1175923824642 
7800 -4.850141503023674 1.0686855980885537 158.16546851710595 
7900 -5.015619818369521 1.068030832041058 158.06856314207658 
8000 -4.989010578700093 1.0684733785561953 158.13406002631692 
8100 -5.072824828093859 1.0683330853689663 158.11329663460702 
8200 -4.982793347036612 1.0680981422925104 158.07852505929154 
8300 -4.917195052255657 1.068665042725626 158.16242632339262 
8400 -5.059861317026954 1.0679393643383552 158.05502592207657 
8500 -4.7655389737939675 1.0690679798362477 158.22206101576467 
8600 -4.914554046438145 1.0683260140066655 158.11225007298648 
8700 -4.951011209392071 1.068498578664849 158.13778964239768 
8800 -5.0083094597852345 1.0679566224047052 158.05758011589637 
8900 -4.960257757126928 1.0689293642996243 158.2015459163444 
9000 -5.038669185702502 1.067955302109141 158.05738471215287 
9100 -4.940919532537987 1.068368670598494 158.11856324857712 
9200 -5.020274287401758 1.0680167693581002 158.06648186499882 
9300 -5.018319371507471 1.0685116418810665 158.13972299839784 
9400 -4.887518202833339 1.0685680373036806 158.14806952094472 
9500 -4.811899871437668 1.0685769080869385 158.1493823968669 
9600 -4.82308946360509 1.068943510009575 158.2036394814171 
9700 -4.939669236897825 1.068391720248483 158.1219745967755 
9800 -5.012394557592839 1.068108301352534 158.08002860017504 
9900 -4.99981406293526 1.0680321513145945 158.06875839455998 
10000 -4.892322243144601 1.0682933154733067 158.1074106900494 
10100 -4.819111297006084 1.068527190311428 158.14202416609135 
10200 -4.9059314146232165 1.0683974311127056 158.12281980468043 
10300 -4.989632478769381 1.0680130523122777 158.06593174221712 
10400 -5.007772730713286 1.0678577527954316 158.04294741372388 
10500 -4.988646061746655 1.0684857536106023 158.13589153436914 
10600 -5.037810694938456 1.0677940535243784 158.03351992160802 
10700 -4.881616813136013 1.0685633708842888 158.14737889087473 
10800 -4.953010698851414 1.0683057446708268 158.10925021128236 
10900 -4.82492841787415 1.0690677372345248 158.22202511070967 
11000 -4.998147255759326 1.0685854876463887 158.15065217166554 
11100 -4.904754596161491 1.0687524771401162 158.1753666167372 
11200 -5.003114904252725 1.067815347556906 158.0366714384221 
11300 -4.937468508064083 1.0682675856420305 158.1036026750205 
11400 -4.923813446448974 1.0681600992729836 158.08769469240158 
11500 -4.858772143901162 1.0689444878389 158.2037842001572 
11600 -4.938636098363663 1.068629012621051 158.15709386791553 
11700 -5.030671117120317 1.0680990157735812 158.07865433449 
11800 -4.86619823876974 1.0685161698349241 158.1403931355688 
11900 -4.823319342492788 1.0693371492925046 158.26189809529066 
12000 -4.811132873286907 1.0684881300410587 158.13624324607667 
12100 -4.780834156700749 1.068749593579329 158.1749398497407 
12200 -5.020063436320342 1.0678257702355014 158.0382139948542 
12300 -5.052101419538738 1.0681506374813388 158.08629434723812 
12400 -5.09283377061448 1.0678377135143229 158.03998160011977 
12500 -4.965128812579649 1.0682316570404309 158.09828524198377 
12600 -5.092169045487161 1.0678849368743122 158.0469706573982 
12700 -5.044777401706224 1.0679776842484072 158.06069726876427 
12800 -4.887550526015214 1.0687185827586152 158.17035024827504 
12900 -4.735266001201833 1.0692989514412503 158.25624481330505 
13000 -5.03415537333918 1.0679472227305415 158.05618896412014 
13100 -4.90229151256655 1.0685860102170157 158.15072951211832 
13200 -4.907705919370162 1.068580901670546 158.14997344724082 
13300 -4.85192396018982 1.068937483705029 158.2027475883443 
13400 -5.025630481892795 1.0683202404592873 158.11139558797453 
13500 -4.981888203029336 1.068174013336216 158.08975397376 
13600 -4.9612027225604685 1.068365767163332 158.11813354017315 
13700 -5.08504082692529 1.068095984126601 158.07820565073695 
13800 -4.8045630892604825 1.0688373604533337 158.1879293470934 
13900 -4.966045730079599 1.0680696732632629 158.0743116429629 
14000 -4.748508630597574 1.069168234014935 158.2368986342104 
14100 -4.868112468970178 1.0686269869644338 158.1567940707362 
14200 -4.813794483926755 1.068696663200065 158.1671061536096 
14300 -5.01530258289014 1.067813027596187 158.0363280842357 
14400 -4.899999929563116 1.068728866442948 158.1718722335563 
14500 -5.002573450620505 1.0683662498993731 158.1182049851072 
14600 -4.763393531464697 1.0688009653406547 158.1825428704169 
14700 -4.850040138990168 1.0682856817524125 158.10628089935705 
14800 -4.912253509712638 1.0683958965427525 158.12259268832736 
14900 -4.835332023468593 1.06870701253144 158.16863785465313 
15000 -4.862616940596081 1.0688424756922161 158.18868640244798 
15100 -4.911787404700586 1.0686829830059899 158.1650814848865 
15200 -4.81391278469914 1.069351284969514 158.26399017548806 
15300 -4.947653088463375 1.06819015769915 158.0921433394742 
15400 -4.892232426681275 1.0684982059377086 158.13773447878089 
15500 -5.0477066949084985 1.0681518019764196 158.0864666925101 
15600 -4.964141268487835 1.0682016534257075 158.0938447070047 
15700 -4.878170802670767 1.0686680368726544 158.16286945715285 
15800 -5.117750017799757 1.0679428419288224 158.05554060546572 
15900 -4.8729568638985965 1.0688109524716636 158.1840209658062 
16000 -4.90234732706301 1.0688105414223847 158.18396013051293 
16100 -4.979411438993928 1.0681470097600698 158.08575744449033 
16200 -5.0010093527069985 1.0683823179345402 158.12058305431194 
16300 -4.7535328665779994 1.0690031520806853 158.21246650794143 
16400 -5.123382743884104 1.0678069201988216 158.0354241894256 
16500 -4.93069822078632 1.0684528838705212 158.13102681283712 
16600 -5.115378019240297 1.0677349533202463 158.02477309139644 
16700 -4.97858574392982 1.0685036541183102 158.13854080950992 
16800 -5.06274816981368 1.068072743013699 158.07476596602746 
16900 -4.914679307811784 1.0683884458008168 158.12148997852088 
17000 -5.034749063657771 1.0679324927116796 158.05400892132857 
17100 -4.9586556828007256 1.0684352580583694 158.12841819263866 
17200 -5.04995949816094 1.0681113295028395 158.08047676642025 
17300 -4.8183711228491894 1.0689230390094502 158.2006097733986 
17400 -5.125866459947649 1.0681541862505661 158.08681956508377 
17500 -4.9491642978829296 1.068197856726679 158.09328279554848 
17600 -4.933236696318619 1.068507407462932 158.1390963045139 
17700 -4.826408605477551 1.0683744629163585 158.11942051162106 
17800 -5.0306855751018675 1.0681377187272467 158.0843823716325 
17900 -4.821628887844139 1.0688709230330626 158.19289660889328 
18000 -4.846779838448129 1.0693176929142574 158.2590185513101 
18100 -4.884721878586636 1.068823804044356 158.1859229985647 
18200 -5.046080500610386 1.0679669781903263 158.05911277216828 
18300 -5.018483096771124 1.0678914787091451 158.04793884895346 
18400 -4.900817321008507 1.0685713906080132 158.14856580998594 
18500 -5.076740807786999 1.0677961005586722 158.0338228826835 
18600 -4.739718406946767 1.068801472373894 158.18261791133628 
18700 -4.991300795843585 1.0681292152173152 158.08312385216266 
18800 -4.754418674215241 1.0690497969881008 158.2193699542389 
18900 -4.770568310604019 1.0686147903000505 158.15498896440747 
19000 -5.008732128260115 1.0686654859271913 158.16249191722432 
19100 -4.8905994135217625 1.0688674103963887 158.19237673866553 
19200 -4.940406648014298 1.068474433460704 158.1342161521842 
19300 -4.868916471265246 1.0685718874993193 158.14863934989924 
19400 -4.9314392698318406 1.0683274462260317 158.1124620414527 
19500 -5.019507401460764 1.067825658162629 158.0381974080691 
19600 -4.753270897635344 1.0692931841469295 158.25539125374556 
19700 -4.996605784683968 1.0680959735650417 158.07820408762618 
19800 -5.0933367860261995 1.0680230457869333 158.06741077646612 
19900 -4.6740841961895025 1.0700868799623684 158.3728582344305 
20000 -4.716714626801785 1.069339436000601 158.26223652808895 
20100 -4.969072219151878 1.0686555853411306 158.16102663048733 
20200 -4.97043023738729 1.0684586844509532 158.13188529874105 
20300 -4.88100727901903 1.0684227054903406 158.1265604125704 
20400 -4.90406741778219 1.068136913755011 158.08426323574162 
20500 -4.857602389682922 1.0686139236816152 158.15486070487907 
20600 -4.912878186882409 1.0692314646719554 158.2462567714494 
20700 -4.742985115258116 1.069105144960848 158.2275614542055 
20800 -4.9180080333621445 1.0686934037045566 158.16662374827436 
20900 -4.894475155637456 1.0684269524345797 158.1271889603178 
21000 -4.85430916789045 1.0691650437334494 158.23642647255053 
21100 -4.877223993040629 1.068588546603046 158.1511048972508 
21200 -4.903358006897886 1.0684538333520701 158.1311673361064 
21300 -4.805117260011655 1.0690136645805626 158.21402235792326 
21400 -4.98473019713996 1.0682486900298924 158.10080612442408 
21500 -4.829854484558049 1.0686885561184165 158.16590630552565 
21600 -4.863760369282989 1.0684855462966993 158.1358608519115 
21700 -4.889596715843456 1.068193889544448 158.0926956525783 
21800 -4.892321506888473 1.0686432739393343 158.15920454302147 
21900 -5.00707335616248 1.068022200832173 158.0672857231616 
22000 -4.929973393558828 1.0681280165393394 158.08294644782222 
22100 -5.078692367455327 1.067816487802199 158.03684019472544 
22200 -4.881550391691378 1.0688822892912486 158.1945788151048 
22300 -4.97336576954425 1.0681474242470024 158.08581878855637 
22400 -5.084030399932182 1.0678787368078315 158.04605304755907 
22500 -5.119651628808191 1.0681859781125151 158.09152476065225 
22600 -4.93876034761724 1.068602333727052 158.1531453916037 
22700 -4.837509382884484 1.0686533074358882 158.16068950051144 
22800 -4.92683302508163 1.0681860848866949 158.09154056323084 
22900 -4.98317711278567 1.0683309571025867 158.11298165118285 
23000 -4.962518399400067 1.0688870514674595 158.195283617184 
23100 -4.994754583124845 1.0681363694694561 158.08418268147952 
23200 -5.022800212847944 1.0678970107894536 158.04875759683915 
23300 -4.9715661875683566 1.0686969280069294 158.16714534502555 
23400 -4.89845252187187 1.068217709041763 158.09622093818092 
23500 -4.724266627422261 1.069630599158564 158.30532867546745 
23600 -4.9285618424636475 1.0685988174376342 158.15262498076987 
23700 -5.1301789893503225 1.0680443670252422 158.07056631973583 
23800 -4.918868146642639 1.0686604367977468 158.16174464606652 
23900 -4.847851429457518 1.0687537163180845 158.1755500150765 
24000 -4.8789752325891325 1.0680038523515427 158.0645701480283 
24100 -4.819295539386339 1.0697992425096616 158.33028789142992 
24200 -4.894406317627338 1.0687847254494631 158.18013936652054 
24300 -4.931180851989153 1.0684353790246182 158.12843609564348 
24400 -4.927171612507425 1.06857906862905 158.1497021570994 
24500 -4.854300283933369 1.0683397272863266 158.11427963837636 
24600 -5.124770446694981 1.068220368015581 158.096614466306 
24700 -4.8483236414760755 1.0686710060753633 158.16330889915375 
24800 -4.906094205289433 1.0682385138680903 158.09930005247736 
24900 -5.090676531423245 1.0680138826938748 158.06605463869346 
25000 -4.9847399024207215 1.0683993529596116 158.12310423802253 
25100 -4.9631455282319275 1.0683814261308497 158.12045106736576 
25200 -5.032282127044912 1.067997768682152 158.0636697649585 
25300 -4.856959223349121 1.0682815146028988 158.10566416122902 
25400 -4.785894228602413 1.068600748831611 158.15291082707841 
25500 -5.112394794938209 1.0678447526877024 158.04102339777995 
25600 -5.030109968021622 1.0680120909954076 158.06578946732034 
25700 -4.765499882573271 1.0689710593534216 158.2077167843064 
25800 -5.039576797032394 1.068370238927493 158.11879536126895 
25900 -5.055803965686846 1.0683394203502692 158.11423421183983 
26000 -4.988827925870465 1.068522768473563 158.14136973408733 
26100 -4.971358534036962 1.068177734569521 158.0903047162891 
26200 -4.832935628314957 1.0686196745115104 158.15571182770356 
26300 -4.811657481277412 1.0688554005106092 158.19059927557015 
26400 -4.96623742347768 1.0684072280052175 158.1242697447722 
26500 -4.968325759957745 1.0685607228506795 158.14698698190057 
26600 -4.887402894641447 1.068313237330441 158.11035912490524 
26700 -5.042591798226451 1.0680680026055078 158.07406438561515 
26800 -4.894186744187315 1.0683577892467981 158.11695280852612 
26900 -5.1111772734817835 1.0677235736616772 158.02308890192825 
27000 -4.938412348724416 1.0684726806648308 158.13395673839497 
27100 -5.033335089743246 1.0681299303049763 158.08322968513647 
27200 -5.048333584882843 1.0683758337980558 158.11962340211227 
27300 -5.032032305778277 1.0682877689689647 158.10658980740678 
27400 -5.0154625256464955 1.068154103167599 158.08680726880465 
27500 -5.026423461234305 1.0681450088008462 158.08546130252523 
27600 -5.0891043522404855 1.068388688932114 158.12152596195287 
27700 -4.996540464486983 1.0682086823174073 158.09488498297628 
27800 -5.044571680898016 1.068067443125963 158.07398158264252 
27900 -5.060012521734106 1.0682186587278437 158.09636149172087 
28000 -4.8307305465045705 1.0687820980408098 158.17975051003987 
28100 -4.839481073702653 1.0686735809441594 158.1636899797356 
28200 -5.001671629840744 1.0680367779989217 158.0694431438404 
28300 -5.085989988689267 1.0678534577579133 158.04231174817116 
28400 -4.935828042157114 1.0687915471203167 158.18114897380687 
28500 -4.906468063920608 1.0685763731336686 158.14930322378294 
28600 -5.015518404800467 1.0681330657987171 158.08369373821014 
28700 -4.9660754566441945 1.0687778043760272 158.17911504765203 
28800 -4.965573262740066 1.06844649165001 158.1300807642015 
28900 -4.941025659430964 1.0681382544608162 158.0844616602008 
29000 -5.0010583787209075 1.0686373405203575 158.15832639701293 
29100 -4.982474287337086 1.0681177070640158 158.08142064547434 
29200 -4.867186536292877 1.0684713281163445 158.13375656121897 
29300 -4.793031082826136 1.0686188062125297 158.1555833194544 
29400 -4.962102018226691 1.0681486227384895 158.08599616529645 
29500 -5.10229465215298 1.068196108900339 158.09302411725017 
29600 -4.892448747639227 1.0686755333066695 158.1639789293871 
29700 -4.854478401259335 1.068414901285818 158.12540539030107 
29800 -4.857411076171002 1.068349922326205 158.11578850427833 
29900 -5.005810876602902 1.0681063949995728 158.07974645993679 
30000 -4.897446073333238 1.0685156817965165 158.14032090588444 
30100 -4.96891665476586 1.0678732053558007 158.0452343926585 
30200 -5.080321976274652 1.0682248992822976 158.09728509378004 
30300 -5.04741185716211 1.0680861381930522 158.07674845257174 
30400 -4.921067720742484 1.0682411573609232 158.09969128941663 
30500 -4.928253805744448 1.068642097552811 158.15903043781603 
30600 -4.836532133712793 1.0692546202892572 158.24968380281007 
30700 -4.9916557358510865 1.0682908521912302 158.1070461243021 
30800 -4.741362605091466 1.0698212518696477 158.33354527670787 
30900 -5.003357235384556 1.068057855833814 158.07256266340448 
31000 -4.936372847393057 1.068136931739831 158.084265897495 
31100 -4.952176611123129 1.0684452310317187 158.12989419269437 
31200 -5.067539377998099 1.0678822545929774 158.04657367976066 
31300 -4.963204516152678 1.0684849218779402 158.13576843793516 
31400 -4.940934172796852 1.068310387986628 158.10993742202095 
31500 -5.088192404530571 1.0682583686293836 158.10223855714878 
31600 -5.117236439042142 1.0676021785745875 158.00512242903895 
31700 -4.928137584712905 1.068577628293581 158.14948898744998 
31800 -4.98798587499312 1.0686830629180082 158.1650933118652 
31900 -5.020983108442444 1.067997811601829 158.06367611707068 
32000 -4.943675996660564 1.068290773345827 158.10703445518237 
32100 -4.957342900797829 1.068055832408604 158.0722631964734 
32200 -4.964564146586989 1.0681217662345495 158.0820214027133 
32300 -5.006327543111372 1.0679561090962735 158.05750414624848 
32400 -4.962904541079568 1.0680769626450375 158.07539047146554 
32500 -4.853514717570573 1.0687826380781957 158.17983043557297 
32600 -5.018348326853645 1.0680068319289808 158.06501112548915 
32700 -4.881613738744902 1.0691162472097993 158.2292045870503 
32800 -4.814878476658435 1.0683454878291936 158.11513219872066 
32900 -4.993179968878782 1.0683185314580996 158.11114265579874 
33000 -4.897711892683492 1.0685006799103485 158.13810062673159 
33100 -4.997327954982155 1.0684072178973325 158.1242682488052 
33200 -4.9183767081199825 1.0684887721012746 158.13633827098863 
33300 -4.9810231909666065 1.068113481974833 158.08079533227527 
33400 -4.995757314917606 1.0680974287411091 158.07841945368415 
33500 -4.79440769398808 1.0687723474070063 158.17830741623695 
33600 -5.03811648602478 1.06794969490207 158.05655484550635 
33700 -4.974316117260543 1.068682130163535 158.16495526420317 
33800 -5.111061208948078 1.068139071570041 158.08458259236605 
33900 -4.892586326948962 1.068235956124125 158.09892150637052 
34000 -4.941697753872273 1.068837233231686 158.18791051828953 
34100 -4.953867163326268 1.0686145754289185 158.15495716347993 
34200 -4.828677010957983 1.0693677328780828 158.26642446595628 
34300 -4.912168801769812 1.068627010460383 158.1567975481367 
34400 -4.8897464826835115 1.0685273127343482 158.14204228468353 
34500 -5.051399346658462 1.0682283772250167 158.0977998293025 
34600 -5.031839954409777 1.068198209084477 158.0933349445026 
34700 -4.876539210013272 1.0688508608092744 158.1899273997726 
34800 -4.952620501085299 1.06791172984395 158.0509360169046 
34900 -4.82571012084475 1.068876816905759 158.19376890205234 
35000 -4.901215080987566 1.0684369765142747 158.12867252411266 
35100 -4.966915588726012 1.0682323285315103 158.09838462266353 
35200 -4.888071709177133 1.0687363499958993 158.1729797993931 
35300 -4.970311740094891 1.068343594999915 158.1148520599874 
35400 -5.087424857657143 1.0679857768869236 158.0618949792647 
35500 -4.952644656312629 1.0680859485761354 158.07672038926802 
35600 -4.801144991710486 1.0685500699156598 158.14541034751767 
35700 -4.97389287551642 1.068754040709773 158.1755980250464 
35800 -4.938768434721797 1.0686817678109912 158.1649016360267 
35900 -4.967576116628406 1.0693588338516524 158.26510741004455 
36000 -5.023331103529672 1.068401180645249 158.12337473549684 
36100 -5.065236603869675 1.0682604042965969 158.10253983589632 
36200 -4.969285194758312 1.0686535410223428 158.16072407130673 
36300 -4.803927999164624 1.0690549562971257 158.2201335319746 
36400 -5.103378293590996 1.067996193424479 158.0634366268229 
36500 -5.059904301094197 1.0679475956398456 158.05624415469714 
36600 -4.931659666830434 1.068455606980948 158.13142983318033 
36700 -5.004337633082084 1.0683722282619454 158.11908978276793 
36800 -5.0537786693192395 1.0682227704825191 158.09697003141284 
36900 -4.923910507500014 1.0688375239077217 158.1879535383428 
37000 -5.15255801331052 1.0679199860485264 158.05215793518192 
37100 -5.133027556195743 1.0678751099124482 158.04551626704233 
37200 -4.842847792306199 1.0688312783614387 158.1870291974929 
37300 -4.870350849198175 1.0686755893579893 158.16398722498244 
37400 -5.029681455680427 1.068389751567858 158.12168323204298 
37500 -4.9534799560643235 1.0684301541136427 158.1276628088191 
37600 -5.199183277896583 1.0677603601104662 158.028533296349 
37700 -4.889723126894529 1.068625854162886 158.15662641610712 
37800 -4.840640540905763 1.0690849635111839 158.2245745996552 
37900 -4.964205589077032 1.0686563740147954 158.16114335418973 
38000 -4.9845869650335235 1.068303442237249 158.10890945111285 
38100 -4.865319924320372 1.0684173429816066 158.1257667612778 
38200 -5.070990967846211 1.0680000063684887 158.06400094253632 
38300 -4.893388616034846 1.0689974413801544 158.21162132426286 
38400 -5.089637163543893 1.0679489830749778 158.0564494950967 
38500 -4.887419176039689 1.0688491464762029 158.18967367847802 
38600 -5.008733200657906 1.0683141260404865 158.110490653992 
38700 -5.019310485851264 1.0679837550267175 158.0615957439542 
38800 -5.061513079475428 1.0679436149603017 158.05565501412465 
38900 -5.096631727670206 1.0681287558968926 158.08305587274012 
39000 -4.889780627966032 1.0685379829076485 158.14362147033196 
39100 -4.920464009495499 1.0691516887894172 158.23444994083374 
39200 -4.8548358768985835 1.068564305439395 158.14751720503045 
39300 -4.907989427068455 1.0690444747622936 158.21858226481945 
39400 -5.036820253715014 1.0681963620312855 158.09306158063026 
39500 -4.912483944103308 1.0686819710921236 158.1649317216343 
39600 -4.9071146968426245 1.068806798191904 158.18340613240179 
39700 -5.090142731988648 1.068032059914466 158.06874486734097 
39800 -5.110812794046393 1.0677862000320117 158.03235760473774 
39900 -4.938179507437038 1.0683598506812217 158.11725790082082 
40000 -4.7350897679427995 1.0691589162686086 158.23551960775407 
40100 -4.928219063505644 1.0683970669350138 158.12276590638203 
40200 -5.091878406358984 1.068184306453327 158.0912773550924 
40300 -4.9437149831195635 1.068727341284471 158.1716465101017 
40400 -4.882875593723541 1.0684363714374108 158.1285829727368 
40500 -4.855764117343386 1.068844871214799 158.18904093979026 
40600 -5.052894895168239 1.0682609894865638 158.10262644401143 
40700 -4.751881289486529 1.0689328649838845 158.2020640176149 
40800 -4.933476737587594 1.0683082409779903 158.10961966474255 
40900 -4.949342698814764 1.0683332000342485 158.11331360506878 
41000 -5.0275947115936965 1.0683239648636673 158.11194679982276 
41100 -4.855813246150937 1.06929375535099 158.25547579194654 
41200 -4.729316706437797 1.069035154691302 158.2172028943127 
41300 -5.017367146533394 1.0681501251849013 158.0862185273654 
41400 -5.012854993197993 1.0681628191763486 158.0880972380996 
41500 -5.060486553069199 1.0685147447071826 158.14018221666302 
41600 -4.816856377120353 1.068935942129594 158.20251943517994 
41700 -5.161339179273681 1.067868843103243 158.04458877927996 
41800 -5.108582565342637 1.067891045549309 158.0478747412977 
41900 -4.9338033368511836 1.068491236260092 158.13670296649363 
42000 -4.987287288056648 1.067964665409417 158.05877048059372 
42100 -4.913193904980865 1.068543373663089 158.14441930213715 
42200 -5.012602323530285 1.0680891120450362 158.07718858266537 
42300 -4.9522996578374725 1.0687372874990955 158.17311854986613 
42400 -5.097555571710171 1.0677637006560552 158.02902769709615 
42500 -5.082683921153435 1.0679248950710165 158.05288447051043 
42600 -4.9907870045975 1.0681216046973827 158.08199749521265 
42700 -4.98593224791822 1.068553609329775 158.14593418080668 
42800 -4.985593667597049 1.068235684948896 158.0988813724366 
42900 -5.0463753469144335 1.0683276539001643 158.1124927772243 
43000 -4.929136487978871 1.068095053743075 158.07806795397508 
43100 -4.876033731963471 1.0684477645008879 158.1302691461314 
43200 -4.891514493741742 1.0683553839291233 158.11659682151026 
43300 -4.725305662994344 1.0691214605270496 158.22997615800332 
43400 -4.96229116207362 1.0684173136093422 158.12576241418265 
43500 -4.979945995183232 1.0682280023248363 158.09774434407578 
43600 -4.890596496186151 1.0681655768273155 158.0885053704427 
43700 -4.854216704911387 1.068545047157471 158.1446669793057 
43800 -4.956288007128939 1.0687842740632008 158.1800725613537 
43900 -5.009193065447229 1.0682787845452923 158.10526011270326 
44000 -4.820242990030064 1.0685838212241758 158.15040554117803 
44100 -4.739845784200031 1.0689096670587215 158.1986307246908 
44200 -4.866745687364985 1.0687360054713801 158.17292880976427 
44300 -4.824248217481724 1.0689116790196909 158.19892849491424 
44400 -5.173811733547345 1.0677219983815598 158.02285576047086 
44500 -4.762515976141721 1.0689758520852082 158.2084261086108 
44600 -4.875244652957692 1.0687944779146206 158.18158273136385 
44700 -4.842876063419535 1.0686197182863224 158.15571830637572 
44800 -5.036241118114735 1.0684903572087834 158.13657286689994 
44900 -5.005270300648814 1.068916713042841 158.19967353034045 
45000 -5.071091718660124 1.0680431978091698 158.07039327575714 
45100 -4.68001568925128 1.0704844167287253 158.43169367585134 
45200 -4.982978359494044 1.0683886594782437 158.12152160278006 
45300 -4.843416361158941 1.0687674623890089 158.17758443357332 
45400 -4.91913155192887 1.0685025310235896 158.13837459149127 
45500 -4.870750291942508 1.0688291504867273 158.18671427203563 
45600 -4.926951913371359 1.0681229702904376 158.08219960298476 
45700 -4.909157013505282 1.0685926023434191 158.15170514682603 
45800 -5.0652342265915715 1.068027369591777 158.06805069958298 
45900 -4.912666523397763 1.0684333040495737 158.1281289993369 
46000 -4.9379469295842595 1.0686675373637278 158.1627955298317 
46100 -4.830611138175798 1.0686564699693613 158.16115755546548 
46200 -4.929822102614526 1.068279392460875 158.1053500842095 
46300 -4.732900673848787 1.0693570772133019 158.26484742756867 
46400 -4.749844164030245 1.0690922876362385 158.2256585701633 
46500 -4.953301338822244 1.0682043228837281 158.09423978679177 
46600 -4.94780998626857 1.0689958645174815 158.21138794858726 
46700 -4.849463709578036 1.069017552774698 158.21459781065528 
46800 -4.930164701861736 1.0681560776114642 158.0870994864967 
46900 -4.934839477909443 1.0682919380972993 158.1072068384003 
47000 -5.021411436766497 1.0678737657621031 158.04531733279126 
47100 -5.023124958227515 1.0680888351496969 158.07714760215512 
47200 -4.860213163405312 1.0694008201281358 158.2713213789641 
47300 -4.885970824655125 1.0687178513829003 158.17024200466923 
47400 -5.1062065929301585 1.0679010754986797 158.04935917380462 
47500 -5.0149094829933425 1.06804366299986 158.07046212397927 
47600 -4.898828363712242 1.0689941545204908 158.21113486903263 
47700 -4.954098343873163 1.0680182660872826 158.06670338091783 
47800 -4.925188737370488 1.068327017444256 158.1123985817499 
47900 -4.8587031646063235 1.068384430913071 158.1208957751345 
48000 -5.00899000703492 1.0681663411058715 158.088618483669 
48100 -5.077736229759748 1.0683484813538344 158.1155752403675 
48200 -4.817149086448279 1.0689742035544074 158.2081821260523 
48300 -4.939952032836679 1.0683596942031648 158.1172347420684 
48400 -4.868176726701268 1.0685782740563512 158.14958456033997 
48500 -4.938850713377135 1.0679359893085754 158.05452641766914 
48600 -4.878537512333008 1.0685707134465177 158.1484655900846 
48700 -4.878326437769212 1.0683132641306392 158.1103630913346 
48800 -4.897552183234305 1.0683474063712968 158.11541614295191 
48900 -4.979124124828857 1.0683331938592118 158.11331269116334 
49000 -4.97656707255949 1.0686232798090765 158.1562454117433 
49100 -4.992917171694991 1.068431938614929 158.1279269150095 
49200 -5.001787398966113 1.0681017020402532 158.07905190195748 
49300 -4.804686888311926 1.0686441851690363 158.15933940501736 
49400 -5.0719288274768 1.0680275993053265 158.0680846971883 
49500 -4.939499617260203 1.0682879855249707 158.10662185769567 
49600 -4.815967619040289 1.0694732583892859 158.2820422416143 
49700 -4.979543575400115 1.0681661511720641 158.0885903734655 
49800 -4.92839582793066 1.068329488076794 158.11276423536552 
49900 -4.989021990837479 1.0683008546525168 158.1085264885725 
50000 -4.828542689621121 1.0689181394936915 158.19988464506633 
50100 -5.0293111632848895 1.0680942362999126 158.07794697238705 
50200 -4.903843720824729 1.0683949051928006 158.1224459685345 
50300 -4.931828365172648 1.06853052932397 158.14251833994754 
50400 -4.764923668555467 1.0691777887126401 158.23831272947075 
50500 -4.895061457882434 1.0684766277434352 158.1345409060284 
50600 -4.984342838914793 1.0679000182350333 158.04920269878494 
50700 -4.828298397265573 1.068702190900846 158.16792425332522 
50800 -5.062718328087708 1.0680425698667626 158.07030034028088 
50900 -4.921162755828353 1.0680871495322573 158.07689813077408 
51000 -4.709189755254017 1.0689726806284683 158.2079567330133 
51100 -4.977663974931393 1.0680154762618104 158.06629048674793 
51200 -4.912703204287462 1.0684254606250054 158.1269681725008 
51300 -4.935254568934777 1.068473229843079 158.1340380167757 
51400 -4.872706733212923 1.069040858772691 158.21804709835826 
51500 -4.721704692240783 1.0691038357721343 158.22736769427587 
51600 -4.992757194974619 1.068374696086196 158.11945502075702 
51700 -5.198374312952937 1.067582089256543 158.00214920996837 
51800 -4.970955648604176 1.0682690491755373 158.1038192779795 
51900 -4.808927033882148 1.0683874145427743 158.1213373523306 
52000 -5.047976046228509 1.0680514131838763 158.0716091512137 
52100 -5.124529861685582 1.067882065351751 158.04654567205912 
52200 -5.010891902167927 1.0683165453305659 158.11084870892375 
52300 -4.811088517753812 1.069771255349048 158.3261457916591 
52400 -4.792439225865314 1.0683714199520304 158.11897015290052 
52500 -4.975638717949223 1.0683922156504733 158.12204791627005 
52600 -4.987317884639339 1.0682070203694676 158.0946390146812 
52700 -4.999870886139698 1.0679544501282148 158.0572586189758 
52800 -4.985150778725332 1.0681556764254632 158.08704011096856 
52900 -4.643273190752951 1.0698874918179768 158.34334878906057 
53000 -4.917362644872714 1.0680404450526886 158.06998586779793 
53100 -4.888879625995252 1.0682812697351713 158.10562792080535 
53200 -4.821772264411836 1.0686949510595485 158.16685275681317 
53300 -4.84664344420248 1.0682216856920865 158.0968094824288 
53400 -4.978704015835093 1.068314459826724 158.11054005435514 
53500 -5.067776987092623 1.0677806362235025 158.03153416107838 
53600 -4.982886012071163 1.0682226038749243 158.09694537348878 
53700 -4.938798034687657 1.0686128878953163 158.1547074085068 
53800 -4.787798467970448 1.0692451349152423 158.24827996745586 
53900 -4.943706153837049 1.068621888930584 158.15603956172646 
54000 -4.832492856078115 1.0688174992574457 158.18498989010197 
54100 -5.0349658806670785 1.0683061072290352 158.10930386989722 
54200 -5.056021156472066 1.0682815131494183 158.1056639461139 
54300 -5.007066063244557 1.0682007046374982 158.09370428634972 
54400 -5.028915327416806 1.0678814374832057 158.04645274751445 
54500 -5.020837180822321 1.068441986537404 158.1294140075358 
54600 -5.082846019358524 1.067884890385796 158.04696377709783 
54700 -4.916872418108088 1.068620578793336 158.15584566141374 
54800 -5.042408125297914 1.068361273855232 158.11746853057434 
54900 -4.9917769595979395 1.06841941359145 158.1260732115346 
55000 -5.000774390586574 1.0683164207521947 158.11083027132483 
55100 -5.098355980621966 1.0676987171521861 158.01941013852354 
55200 -4.879908687682597 1.0686933589879113 158.16661713021088 
55300 -5.061860195318396 1.068006221109672 158.06492072423146 
55400 -5.035482399674495 1.0678537324809887 158.0423524071863 
55500 -4.819860497988786 1.0689601811918021 158.20610681638672 
55600 -4.779079451624137 1.0689183293336193 158.19991274137564 
55700 -4.900339746325719 1.0681127804157415 158.08069150152974 
55800 -4.854579259682701 1.0695510179314869 158.29355065386005 
55900 -4.964105206406745 1.068097871876518 158.07848503772465 
56000 -4.944899333875062 1.0682349577479027 158.0987737466896 
56100 -4.945291638153673 1.067967757762698 158.0592281488793 
56200 -4.848371761909473 1.0687224457825941 158.17092197582394 
56300 -4.854514400652435 1.0689270632243784 158.201205357208 
56400 -4.797023836256315 1.0687395140820137 158.17344808413804 
56500 -4.998032019802099 1.0683744648097864 158.11942079184837 
56600 -4.8794354756535725 1.0683139423286654 158.11046346464246 
56700 -4.9725689756280955 1.0680367036187939 158.06943213558148 
56800 -4.891998090187841 1.068203446437341 158.0941100727265 
56900 -4.977030567824897 1.0681079772978037 158.07998064007495 
57000 -5.003336020705951 1.0683507682442843 158.11591370015407 
57100 -5.010973209977576 1.0681868234334624 158.09164986815244 
57200 -5.05346026408116 1.0679778061155134 158.06071530509598 
57300 -4.863002244147014 1.0682811270231154 158.10560679942108 
57400 -4.840629317654657 1.0685301397646505 158.1424606851683 
57500 -5.0061885583572305 1.0681789962357306 158.09049144288812 
57600 -4.863426972835551 1.068860997316219 158.19142760280042 
57700 -4.777380563786291 1.068761771755934 158.1767422198782 
57800 -4.994372381786432 1.0681823832528394 158.09099272142024 
57900 -4.784807675900827 1.0691377356678935 158.23238487884822 
58000 -4.938772777089825 1.0681188751467054 158.08159352171242 
58100 -4.820364594340152 1.0686905640623794 158.16620348123215 
58200 -5.078556997680675 1.068314027285977 158.1104760383246 
58300 -4.9661844901743475 1.0680843883796491 158.07648948018806 
58400 -4.951278389952859 1.068312656293269 158.1102731314038 
58500 -4.965954379444796 1.0681016042652334 158.07903743125453 
58600 -4.992936973434958 1.0682792658568996 158.10533134682115 
58700 -4.973026554488045 1.0684426688084958 158.12951498365737 
58800 -5.056664313184557 1.0682396147772641 158.09946298703508 
58900 -4.95477551095983 1.0682125346468658 158.09545512773613 
59000 -4.914556570374641 1.0686017650451056 158.15306122667565 
59100 -4.87929421535381 1.0683980151952306 158.12290624889414 
59200 -4.876272928891606 1.0684398188300694 158.12909318685027 
59300 -5.039691079218217 1.0680244155094107 158.06761349539278 
59400 -4.934730116427725 1.0684861938413748 158.13595668852346 
59500 -5.016132003955449 1.068076520838272 158.07532508406427 
59600 -4.849403987105229 1.0684977872295833 158.13767250997833 
59700 -4.944429386262274 1.0681338058913177 158.08380327191503 
59800 -4.976633126830938 1.0684309458104242 158.12777997994277 
59900 -4.95406171026756 1.0683723743332656 158.11911140132332 
60000 -4.929980463372366 1.0685428265960297 158.1443383362124 
60100 -4.855757604613028 1.0687983246201878 158.1821520437878 
60200 -5.018299762030694 1.0684467350402047 158.1301167859503 
60300 -4.865672399257252 1.0695940508752502 158.29991952953702 
60400 -4.9442985191631985 1.0688324681670651 158.18720528872564 
60500 -4.908324693048425 1.0684090958101489 158.12454617990204 
60600 -4.9215759557276435 1.0683498242956968 158.11577399576313 
60700 -4.854128833419795 1.0687900685249572 158.18093014169366 
60800 -4.941411277229748 1.0683718778050817 158.1190379151521 
60900 -4.9574093094648095 1.0683587482557901 158.11709474185693 
61000 -4.855183863954101 1.0692008233653176 158.241721858067 
61100 -4.842090198238894 1.0697587666503936 158.32429746425825 
61200 -5.102323179343589 1.068006820972522 158.06500950393325 
61300 -4.9915029364929895 1.0682814477238136 158.10565426312442 
61400 -5.065670747589732 1.06786415371974 158.0438947505215 
61500 -5.201299709614833 1.067840420969271 158.0403823034521 
61600 -4.845248137940825 1.0686143595692947 158.1549252162556 
61700 -5.05403283948379 1.0676242715741493 158.0083921929741 
61800 -4.983605220434041 1.0685418711982344 158.14419693733868 
61900 -5.0152008998257696 1.0684707498163308 158.13367097281696 
62000 -5.015590536756758 1.0680833305789483 158.07633292568434 
62100 -5.083677638694125 1.0678959868124938 158.04860604824907 
62200 -5.009042785598761 1.0680951408538384 158.07808084636807 
62300 -5.097556343629287 1.0679236387209035 158.0526985306937 
62400 -4.7747442225524885 1.0687214729196877 158.17077799211378 
62500 -4.96770943779119 1.068520326091374 158.14100826152335 
62600 -4.854055773743716 1.0693426375622317 158.26271035921027 
62700 -4.968984183530391 1.0682280475779784 158.0977510415408 
62800 -4.93330180276822 1.0683721486878077 158.11907800579556 
62900 -5.098050407589463 1.0678905150597773 158.04779622884703 
63000 -4.924225253916249 1.0682245999607383 158.09724079418925 
63100 -4.903687541217034 1.0683475851453033 158.11544260150487 
63200 -5.09581510703532 1.067851870734959 158.04207686877393 
63300 -4.802877081919253 1.069592252577404 158.29965338145578 
63400 -4.885438949340825 1.0687594482306462 158.17639833813564 
63500 -5.0919003205937 1.0680856951619706 158.07668288397164 
63600 -4.968755847402934 1.0682272806312663 158.09763753342742 
63700 -4.716126104892964 1.068881680243686 158.19448867606553 
63800 -5.082161316120688 1.0680771536866396 158.07541874562267 
63900 -4.910563416431504 1.068660225888913 158.16171343155912 
64000 -4.959548601854411 1.0682663859743264 158.1034251242003 
64100 -4.918664166906276 1.0684903163754784 158.1365668235708 
64200 -4.8538263799619425 1.0686117417675098 158.15453778159144 
64300 -4.796260477909696 1.0689221307457533 158.20047535037148 
64400 -4.927085715247441 1.0680278462832589 158.0681212499223 
64500 -4.8397557009330665 1.0687726213036495 158.17834795294013 
64600 -4.987358442010132 1.0678425296706149 158.040694391251 
64700 -5.060080166579369 1.068078162403736 158.07556803575295 
64800 -4.975319372892812 1.0680259671326287 158.06784313562903 
64900 -4.766891147355453 1.0685778866433142 158.1495272232105 
65000 -5.088183313427408 1.068180770375514 158.09075401557607 
65100 -4.951209076175634 1.0685926066261293 158.15170578066713 
65200 -4.949666113191488 1.068221347137235 158.09675937631079 
65300 -4.872797794460178 1.0686313571449908 158.15744085745865 
65400 -4.88752907220459 1.0686737625109253 158.16371685161695 
65500 -4.945287890535733 1.0681751008948661 158.0899149324402 
65600 -5.08203264015618 1.0678454793309125 158.04113094097505 
65700 -4.958107653199436 1.0683027426705642 158.1088059152435 
65800 -4.916956525096761 1.0682267917523731 158.09756517935122 
65900 -5.0053279885501 1.0682318717362702 158.098317016968 
66000 -4.977455656755542 1.0683170148782175 158.11091820197618 
66100 -4.79360608679477 1.0687974714592485 158.18202577596878 
66200 -5.030006816767811 1.068136808385008 158.08424764098118 
66300 -5.007973200959768 1.0681882056084624 158.09185443005245 
66400 -4.787932330552097 1.069332315085015 158.2611826325822 
66500 -4.803910879790899 1.0688462586346739 158.18924627793174 
66600 -5.0677354949980185 1.0680918056127473 158.0775872306866 
66700 -5.063067174853561 1.068473761661818 158.13411672594907 
66800 -4.872315172180859 1.0684502494511816 158.13063691877488 
66900 -4.981348545286951 1.06879548263262 158.18173142962777 
67000 -4.949622624552037 1.068015000698738 158.0662201034132 
67100 -4.654048647382664 1.069237818110094 158.24719708029394 
67200 -4.844700680115283 1.0687398327770996 158.17349525101073 
67300 -4.871115527696792 1.0684157178262486 158.12552623828478 
67400 -5.119117270419903 1.0679939268205672 158.06310116944394 
67500 -4.793724402457679 1.0692221851128714 158.24488339670495 
67600 -5.144414540013315 1.0679236077509495 158.05269394714054 
67700 -4.817925968928919 1.0690287509520835 158.21625514090837 
67800 -4.866462410291696 1.068647531298652 158.1598346322005 
67900 -4.937431620566393 1.0685149451122724 158.14021187661632 
68000 -5.052677008042727 1.067920609394163 158.0522501903361 
68100 -4.8549288762057365 1.0687390321030148 158.1733767512462 
68200 -4.947593613812448 1.0687857687904 158.1802937809792 
68300 -4.704695233428953 1.069180577126687 158.23872541474967 
68400 -5.080318111336415 1.0679409467373484 158.05526011712757 
68500 -4.905945046382175 1.0686967947234836 158.16712561907556 
68600 -4.919398469728611 1.068574931310014 158.14908983388204 
68700 -4.978998439290971 1.0683972854849464 158.12279825177205 
68800 -4.869337898342038 1.0692061358681733 158.24250810848963 
68900 -4.94792497940868 1.068565590028046 158.1477073241508 
69000 -4.99877085230088 1.0681628698770744 158.08810474180703 
69100 -4.924806469529291 1.0685008374937646 158.13812394907717 
69200 -4.906999160968002 1.0689395920962919 158.2030596302512 
69300 -4.956552600745847 1.0688333491985527 158.1873356813858 
69400 -4.961028448012342 1.0683817331910368 158.12049651227346 
69500 -4.861560832166501 1.0687830059002017 158.17988487322987 
69600 -4.8509001932410545 1.069071205841046 158.2225384644748 
69700 -4.990919373009612 1.068357246209716 158.11687243903796 
69800 -4.788892773166104 1.0686027442865171 158.15320615440453 
69900 -4.9791640110143165 1.0679634408744898 158.0585892494245 
70000 -5.053428548395994 1.0678599357670753 158.04327049352713 
70100 -4.894804052140547 1.0684523859753063 158.13095312434533 
70200 -4.684636434021827 1.0691944351039524 158.24077639538496 
70300 -4.944099138050905 1.068330341520624 158.11289054505235 
70400 -4.944927631780517 1.0682810524995692 158.10559576993623 
70500 -5.019124391611233 1.0680678698883406 158.07404474347442 
70600 -4.858603426466062 1.0692568276929553 158.25001049855737 
70700 -5.180900561505625 1.0680960422647094 158.078214255177 
70800 -4.906329823053594 1.0685970256245012 158.15235979242618 
70900 -5.027310907318967 1.0680158476078847 158.06634544596693 
71000 -4.816749624552219 1.0690179496070922 158.21465654184965 
71100 -5.0776044367608275 1.0681473390442384 158.0858061785473 
71200 -4.892869589978816 1.0690309081244604 158.21657440242015 
71300 -5.090641341537739 1.0683232692078546 158.11184384276248 
71400 -5.037811804166572 1.0679080067811906 158.0503850036162 
71500 -4.882634672419726 1.068046874134663 158.0709373719301 
71600 -4.7531964560694755 1.0696707469582998 158.31127054982838 
71700 -4.960907277349665 1.068351535464978 158.11602724881675 
71800 -5.026130467089132 1.0680242194890104 158.06758448437353 
71900 -5.049463867523846 1.0682005163736599 158.09367642330164 
72000 -4.9272441645691405 1.0684654666833187 158.13288906913115 
72100 -5.083623011326351 1.0680410325270688 158.07007281400618 
72200 -4.949689974374707 1.0685382380482087 158.14365923113488 
72300 -5.066808650446756 1.0680407806503802 158.07003553625626 
72400 -5.138994219193681 1.0679085008358147 158.05045812370057 
72500 -4.882582122507869 1.068607830287973 158.15395888261997 
72600 -4.964035852318291 1.069547445611374 158.29302195048336 
72700 -4.852809814524292 1.0686169016170233 158.15530143931943 
72800 -5.102388822070438 1.0683269254759415 158.11238497043936 
72900 -4.8588304671942195 1.0683306671218946 158.1129387340404 
73000 -4.839282749924796 1.0684783434755722 158.13479483438468 
73100 -5.137998154780181 1.0678602086100275 158.04331087428406 
73200 -4.897918727065697 1.0685471185642874 158.14497354751452 
73300 -5.124964645855666 1.0679368645673404 158.05465595596638 
73400 -4.8123990692787135 1.0689339464128715 158.20222406910497 
73500 -4.89657025017781 1.068834228990679 158.18746589062047 
73600 -5.0419486666783415 1.068087078790537 158.07688766099946 
73700 -5.09149019216484 1.0681307901497066 158.08335694215657 
73800 -5.013652872101581 1.0680766630252188 158.0753461277324 
73900 -4.850338525164947 1.068648671283384 158.16000334994084 
74000 -4.981526619513017 1.0684263660973634 158.1271021824098 
74100 -5.029263774572384 1.0680155805905651 158.06630592740365 
74200 -4.954660716446796 1.0686927165685127 158.1665220521399 
74300 -4.929895652209989 1.068888826981142 158.19554639320904 
74400 -4.961535974228551 1.068296546246818 158.10788884452904 
74500 -4.901414113721351 1.0683935181104114 158.1222406803409 
74600 -5.056558459376064 1.0683491149414732 158.11566901133804 
74700 -5.015693402130884 1.068292307465018 158.10726150482265 
74800 -4.86642183679182 1.0687119405801748 158.16936720586588 
74900 -4.88471918710884 1.0684312000380805 158.1278176056359 
75000 -4.863732153250682 1.068575299537948 158.14914433161633 
75100 -4.923865300488214 1.068478056562355 158.13475237122856 
75200 -5.009942961089813 1.0684566350499758 158.1315819873964 
75300 -4.924745032275445 1.0683799152843814 158.12022746208845 
75400 -5.05938139383515 1.0678868942258795 158.04726034543015 
75500 -5.063350405183386 1.0683239614057578 158.11194628805217 
75600 -4.867826110983537 1.0680790437255585 158.07569847138265 
75700 -5.0293117661098865 1.0684035492128243 158.123725283498 
75800 -5.1881063599134425 1.0678322391099235 158.0391713882687 
75900 -4.811241508743029 1.0687852282966424 158.18021378790306 
76000 -5.009933666313346 1.0680238581820782 158.0675310109476 
76100 -4.846090813940355 1.068561609297634 158.14711817604982 
76200 -4.935347036449873 1.068496815750872 158.13752873112907 
76300 -4.893511641064696 1.0692624799310786 158.25084702979962 
76400 -5.027403801264584 1.0682521180149565 158.10131346621355 
76500 -5.158750043838555 1.067630422288121 158.00930249864192 
76600 -4.859165541631628 1.0687632547679045 158.17696170564986 
76700 -4.772512494389702 1.0683749480375668 158.1194923095599 
76800 -4.874142563969586 1.0689037411580882 158.19775369139705 
76900 -5.059518779306049 1.0680739874349696 158.0749501403755 
77000 -4.98125602259595 1.0683561269213475 158.11670678435942 
77100 -4.877665183516379 1.0683919796330408 158.12201298569002 
77200 -4.966563208906911 1.0685419862091938 158.14421395896068 
77300 -5.0473549001195 1.0681244233708302 158.08241465888287 
77400 -4.80886036547658 1.0686153564144703 158.1550727493416 
77500 -4.919740918116828 1.0688011491506095 158.1825700742902 
77600 -4.924989689825377 1.0682128868756307 158.09550725759334 
77700 -4.84759678882105 1.0691687445648992 158.2369741956051 
77800 -4.934157169343366 1.0686399256110968 158.15870899044234 
77900 -5.008014696858869 1.068137342240878 158.08432665164995 
78000 -4.956916268084696 1.068198072049997 158.09331466339955 
78100 -4.841426902424282 1.0689837647193143 158.20959717845852 
78200 -4.887044128747475 1.0687307264343635 158.1721475122858 
78300 -4.856122640410251 1.0687278406775544 158.17172042027806 
78400 -4.9477922623982895 1.0683499689274534 158.1157954012631 
78500 -4.91584774968551 1.0684157028517596 158.1255240220604 
78600 -4.840488764438229 1.068850085227693 158.18981261369856 
78700 -4.920812290353978 1.0686061001760367 158.15370282605343 
78800 -4.746728279483304 1.068754466137171 158.1756609883013 
78900 -4.834437015732993 1.0687356519090205 158.17287648253503 
79000 -4.752690872037459 1.0691961902008027 158.2410361497188 
79100 -5.0175444336644945 1.0683955024373977 158.12253436073485 
79200 -4.917880217264756 1.0688071276211102 158.1834548879243 
79300 -4.955522155633587 1.0685264965380736 158.1419214876349 
79400 -5.02929283326136 1.0679137595830128 158.0512364182859 
79500 -4.989389997854931 1.0683363030452477 158.11377285069668 
79600 -4.982905447236155 1.0684454014389 158.1299194129572 
79700 -5.057465398978626 1.068116885667794 158.08129907883352 
79800 -4.806208306528314 1.069002971675095 158.21243980791408 
79900 -5.086899042165465 1.0681547616750822 158.08690472791216 
80000 -5.0423923199419765 1.0681481772779613 158.08593023713829 
80100 -4.919615928641534 1.0684167536362583 158.12567953816622 
80200 -4.959783349760731 1.0687910690199285 158.18107821494942 
80300 -5.0120110419225306 1.0681337564001672 158.08379594722473 
80400 -4.769755447693924 1.0685989391941004 158.15264300072687 
80500 -5.019329665810387 1.0682242396878083 158.09718747379563 
80600 -4.969641966580706 1.0685132474693326 158.1399606254612 
80700 -4.981786859304466 1.068217621104143 158.09620792341315 
80800 -4.803423640135412 1.069051439283685 158.21961301398537 
80900 -4.893741150065217 1.0695129180957217 158.2879118781668 
81000 -5.031123600340019 1.0681700436761297 158.08916646406718 
81100 -4.797667515299765 1.069300175442873 158.25642596554522 
81200 -5.127207168035855 1.068220547423175 158.0966410186299 
81300 -4.968589495444729 1.0687723523122177 158.1783081422082 
81400 -4.817151147750317 1.0690682917026728 158.22210717199556 
81500 -5.036505993961683 1.0683000751743272 158.10841112580042 
81600 -4.997041451704816 1.0689944939263023 158.21118510109275 
81700 -5.006869416718862 1.0682102782445746 158.09512118019705 
81800 -4.965658106378491 1.0684718219649583 158.13382965081382 
81900 -5.022560522843565 1.0682841812473787 158.10605882461203 
82000 -4.918862225334145 1.0689000355117846 158.1972052557441 
82100 -4.9439919090469076 1.068548775593271 158.1452187878041 
82200 -4.933518987717701 1.0687178847097591 158.17024693704437 
82300 -4.835484350856289 1.0684434812277372 158.12963522170512 
82400 -5.053235212367002 1.0682196691678545 158.09651103684246 
82500 -4.967868383912433 1.0689797298908987 158.209000023853 
82600 -4.979499563074365 1.0681170201682952 158.08131898490768 
82700 -5.0817423488443625 1.0681602899263112 158.08772290909405 
82800 -4.875871155274349 1.0685482459098434 158.14514039465683 
82900 -5.0153457122845735 1.0682354505107554 158.0988466755918 
83000 -4.9451554520775645 1.0686848270165288 158.16535439844625 
83100 -5.005586203598751 1.0682336357153557 158.09857808587265 
83200 -5.014654778952394 1.0679828249040544 158.06145808580004 
83300 -4.809923741284064 1.0687807825573603 158.17955581848932 
83400 -4.803308812189346 1.068864777690875 158.1919870982495 
83500 -5.116845361440144 1.0680618234515857 158.0731498708347 
83600 -4.932859980760136 1.0682643128133638 158.10311829637783 
83700 -4.833538104270292 1.0689561328787265 158.20550766605152 
83800 -4.952766888370916 1.069245601551353 158.24834902960023 
83900 -5.168106771976436 1.0679346210844074 158.0543239204923 
84000 -4.928541845185836 1.0685400216314491 158.14392320145447 
84100 -5.056546257195486 1.068422358772673 158.12650909835563 
84200 -4.9379151080518415 1.0689196653849682 158.20011047697528 
84300 -4.905554995617792 1.0686331612506568 158.1577078650972 
84400 -5.0013247979956486 1.0684960090124658 158.13740933384494 
84500 -4.928704842953195 1.0680583017004743 158.07262865167021 
84600 -4.8395786865865835 1.068445968285157 158.13000330620324 
84700 -5.0251083909579 1.067971008625814 158.05970927662048 
84800 -4.761076916084289 1.069495377640137 158.2853158907403 
84900 -5.009498580293341 1.068284780492533 158.1061475128949 
85000 -4.926205218791164 1.0682403708462265 158.0995748852415 
85100 -4.8926242669914535 1.068712452751307 158.16944300719345 
85200 -4.959516213252151 1.0685322474402972 158.14277262116397 
85300 -4.863090281346007 1.0687413192041448 158.17371524221343 
85400 -5.0426858834106545 1.0688866584950512 158.19522545726758 
85500 -5.023133104752143 1.0681186991688996 158.08156747699712 
85600 -4.925214080809495 1.068224147324996 158.0971738040994 
85700 -5.108311667303132 1.0679219083634965 158.05244243779748 
85800 -5.020048348097036 1.0682668501490198 158.10349382205493 
85900 -4.852332272078417 1.0682614261034145 158.10269106330534 
86000 -4.926211278898542 1.068987576730082 158.21016135605214 
86100 -5.019189457273506 1.0679661946485948 158.05899680799203 
86200 -5.027573161004281 1.0678475950328734 158.04144406486526 
86300 -5.102814175013073 1.0682484771079397 158.10077461197508 
86400 -4.8563036016685235 1.0688486389603291 158.18959856612872 
86500 -5.068590017754954 1.0680143088464937 158.0661177092811 
86600 -4.943175524322284 1.068320157886368 158.11138336718244 
86700 -4.813647100932628 1.0689915192586923 158.21074485028646 
86800 -4.9907606468469 1.0681047577720761 158.07950415026727 
86900 -5.005978069350025 1.068173729345822 158.08971194318167 
87000 -4.909979096499268 1.0689017512918355 158.19745919119165 
87100 -4.9949308193230815 1.068357257110925 158.1168740524169 
87200 -4.834194607871478 1.0698205910222829 158.33344747129786 
87300 -4.848905018215046 1.0686352853063048 158.15802222533313 
87400 -4.979897462590537 1.0683187503708347 158.11117505488352 
87500 -5.070832133806551 1.0679144993117267 158.05134589813554 
87600 -4.821856591554695 1.0690317479706017 158.21669869964907 
87700 -4.9074443191950845 1.0684288294600441 158.12746676008655 
87800 -4.866174297460488 1.068360119024457 158.11729761561963 
87900 -4.899383044540361 1.068514710505906 158.1401771548741 
88000 -4.916699032068614 1.0687127254476054 158.1694833662456 
88100 -4.840367632950702 1.0687245656213076 158.17123571195353 
88200 -5.027506677381669 1.0679278037381548 158.0533149532469 
88300 -4.947443740675022 1.0683615821928947 158.1175141645484 
88400 -5.238986240255821 1.0676097190794684 158.00623842376135 
88500 -4.906458076659377 1.0684458113209774 158.12998007550465 
88600 -5.148586095931858 1.0679399169245034 158.0551077048265 
88700 -5.0532368480123475 1.0679840051355078 158.06163276005515 
88800 -4.918592711499827 1.0686319620298834 158.15753038042274 
88900 -4.883679852674117 1.0686443866563544 158.15936922514047 
89000 -4.844726358836382 1.0682932820032323 158.10740573647837 
89100 -4.771514980514595 1.069405610746937 158.27203039054666 
89200 -4.921237282776215 1.06918204953123 158.23894333062205 
89300 -5.040017946289141 1.067993620725099 158.06305586731466 
89400 -5.063179920456992 1.0683347629506492 158.1135449166961 
89500 -4.880947758105296 1.0686692360473173 158.16304693500297 
89600 -5.05880005126895 1.0682173243617628 158.09616400554089 
89700 -4.947023539037332 1.06893497984035 158.2023770163718 
89800 -4.8833276889961645 1.0686509240123307 158.16033675382494 
89900 -4.951814604580343 1.0679330884748954 158.05409709428451 
90000 -5.059918281043477 1.0682141747966931 158.09569786991057 
90100 -4.932432250425659 1.0681938151493189 158.0926846420992 
90200 -4.922137067351202 1.0683459768579482 158.11520457497633 
90300 -4.830934512785363 1.068504635597303 158.13868606840083 
90400 -4.936397792395798 1.0684516898488503 158.13085009762983 
90500 -4.961585498264721 1.0681605773097986 158.0877654418502 
90600 -4.815807524176132 1.0683616539381005 158.11752478283887 
90700 -4.99483752641812 1.0680803367372735 158.07588983711648 
90800 -4.8720821147273465 1.0685720611876264 158.1486650557687 
90900 -4.692686084776727 1.0691842126031195 158.23926346526167 
91000 -4.913307995490765 1.0685545293925025 158.14607035009038 
91100 -4.93632250441554 1.068275867159654 158.1048283396288 
91200 -5.024696022549724 1.0682013807334374 158.09380434854873 
91300 -4.930826713544829 1.0690592542426536 158.22076962791272 
91400 -5.0525684297631335 1.0681885625521441 158.09190725771734 
91500 -4.897557648718031 1.0689844084465074 158.2096924500831 
91600 -4.902414809381006 1.0683633654408342 158.11777808524346 
91700 -4.963488050795438 1.0682432638093387 158.10000304378212 
91800 -5.046622220885085 1.068254658597154 158.10168947237878 
91900 -5.047457032515187 1.0680708497940257 158.0744857695158 
92000 -4.802694215395821 1.0689766594242165 158.20854559478406 
92100 -4.875004898431327 1.0684375127087384 158.1287518808933 
92200 -4.923235364934263 1.068296182516328 158.10783501241653 
92300 -4.840840179154877 1.0685549260642724 158.1461290575123 
92400 -4.940659272649449 1.0688272731726933 158.1864364295586 
92500 -5.059226655360962 1.067941225225686 158.0553013334015 
92600 -4.920123948502642 1.068456783646404 158.1316039796678 
92700 -4.993163249616882 1.0678984659470574 158.0489729601645 
92800 -4.820738269485066 1.0687088678815633 158.16891244647135 
92900 -5.0277081586224135 1.0682752266292006 158.1047335411217 
93000 -4.842730474522171 1.0684195952213738 158.12610009276332 
93100 -5.068277077063085 1.0681243492022319 158.08240368193032 
93200 -4.967408789557372 1.0679479358582165 158.05629450701605 
93300 -4.911118426490693 1.0685645929293806 158.14755975354834 
93400 -4.931656608972724 1.0687985815329835 158.18219006688156 
93500 -5.015343400066906 1.0686693384243384 158.16306208680209 
93600 -4.874707823218051 1.0686960497439493 158.1670153621045 
93700 -4.854319712546228 1.0687004050016324 158.1676599402416 
93800 -4.916673226656807 1.0681906058878208 158.09220967139748 
93900 -4.893842162809565 1.06823716416024 158.09910029571552 
94000 -4.951406383377095 1.0685724590169228 158.14872393450457 
94100 -4.94434925465848 1.0685649838141071 158.14761760448786 
94200 -5.057107437883372 1.068123782822513 158.08231985773193 
94300 -4.953789716336758 1.0683621131937542 158.11759275267562 
94400 -4.89283586616849 1.0686219940549941 158.15605512013914 
94500 -4.971683010325861 1.0685861781704653 158.15075436922888 
94600 -4.984467034159322 1.068481968887292 158.1353313953192 
94700 -4.935033068120959 1.068303994498305 158.10899118574915 
94800 -4.9591787298122645 1.0686474752720065 158.15982634025698 
94900 -4.97842791128447 1.068087503860651 158.07695057137636 
95000 -4.921213438939327 1.0688516363178115 158.1900421750361 
95100 -5.005444525033524 1.068154529125427 158.0868703105632 
95200 -5.0034800453496615 1.068261623413779 158.1027202652393 
95300 -4.927145291651645 1.06848448831734 158.13570427096633 
95400 -5.069703716385503 1.0678067144817922 158.03539374330524 
95500 -5.00408172024907 1.068100648086867 158.07889591685634 
95600 -4.889003864735618 1.0684447126660386 158.1298174745737 
95700 -4.881594618533974 1.068759053980704 158.1763399891442 
95800 -4.882970503962608 1.0689213310994918 158.2003570027248 
95900 -4.966831904070068 1.0683200634798198 158.11136939501333 
96000 -4.925285815880543 1.0686690834296633 158.16302434759015 
96100 -4.873984904774608 1.0688068556515733 158.18341463643284 
96200 -4.874856587684513 1.0686454290881886 158.1595235050519 
96300 -4.973015692272378 1.0687260943459511 158.17146196320076 
96400 -4.944825934943652 1.068310653322961 158.1099766917982 
96500 -4.971359193014092 1.0683905388851904 158.12179975500817 
96600 -5.06047538219585 1.0682337962847872 158.0986018501485 
96700 -5.014343319507866 1.0685663021123566 158.1478127126288 
96800 -4.880346206741197 1.0693328987868207 158.26126902044945 
96900 -4.872549791065992 1.0685543822934513 158.1460485794308 
97000 -4.917102070101846 1.0686409517988884 158.15886086623547 
97100 -5.011995414692567 1.0682001932480794 158.09362860071573 
97200 -4.884607700706937 1.0684360051358892 158.1285287601116 
97300 -5.049159432343197 1.068420585705966 158.126246684483 
97400 -4.923420127635989 1.0685053626962804 158.13879367904948 
97500 -4.876623111054368 1.068370375624046 158.1188155923588 
97600 -5.00089238969978 1.0684735433741286 158.13408441937102 
97700 -4.829305809779384 1.0687442878706817 158.1741546048609 
97800 -4.95456254965021 1.0686641587712793 158.16229549814935 
97900 -4.9292543896609295 1.068525768022998 158.1418136674037 
98000 -5.0630111506774185 1.068354746582929 158.1165024942735 
98100 -4.80593515581489 1.0691619276486066 158.23596529199378 
98200 -4.932048541418732 1.0683917909359009 158.12198505851333 
98300 -5.019932401494514 1.0680736639413388 158.07490226331814 
98400 -4.908774393218499 1.0684667114939492 158.13307330110447 
98500 -5.079487815612758 1.0682394472265657 158.09943818953172 
98600 -4.833353926011801 1.0687811253563793 158.17960655274413 
98700 -5.038725518156151 1.0680556161627353 158.0722311920848 
98800 -4.958120487934348 1.0685295189942798 158.14236881115343 
98900 -4.891396425498138 1.0683508528144159 158.11592621653355 
99000 -4.970404715591262 1.0683229091987234 158.11179056141106 
99100 -4.989747498584693 1.0686417961737678 158.15898583371762 
99200 -4.892481723075517 1.0685668410716946 158.1478924786108 
99300 -4.7999685860784 1.0687769975969643 158.17899564435072 
99400 -4.923988593042951 1.068345756463667 158.1151719566227 
99500 -4.933638313549883 1.0680870182561233 158.07687870190625 
99600 -4.98974245090036 1.0683769391246207 158.11978699044386 
99700 -4.884310599379056 1.0687708073786597 158.17807949204163 
99800 -5.030227727590928 1.068219111055361 158.09642843619343 
99900 -4.883551166724964 1.0685197814503145 158.14092765464653 
