# istep   pe  t_kin   ke
0 -1.7271378118735277 1.0000000000000002 148.00000000000003 
100 -4.786577199336247 1.0 148.0 
200 -4.823097528884831 1.0000000000000009 148.00000000000014 
300 -4.886610597789594 1.0000000000000004 148.00000000000006 
400 -4.876501555366351 0.9999999999999982 147.99999999999974 
500 -4.949780265025414 1.0000000000000009 148.00000000000014 
600 -5.045101772007495 1.0000000000000002 148.00000000000003 
700 -4.856010874788768 1.0000000000000013 148.0000000000002 
800 -4.84244191635955 0.9999999999999992 147.9999999999999 
900 -4.8457468771847605 0.9999999999999998 147.99999999999997 
1000 -4.957023202671445 1.0000000000000002 148.00000000000003 
1100 -4.739893584299463 1.0000000000000004 148.00000000000006 
1200 -4.856006607493877 0.999999999999999 147.99999999999986 
1300 -4.81310440047899 0.9999999999999998 147.99999999999997 
1400 -4.824816940590518 0.9999999999999989 147.99999999999983 
1500 -4.99680307617268 1.0000000000000007 148.0000000000001 
1600 -4.923887206223293 1.0000000000000009 148.00000000000014 
1700 -4.901708532060947 1.0000000000000002 148.00000000000003 
1800 -5.0383278613631575 0.9999999999999998 147.99999999999997 
1900 -4.868046502989841 0.9999999999999997 147.99999999999994 
2000 -4.950600915438554 1.0000000000000002 148.00000000000003 
2100 -4.851765593733839 0.9999999999999997 147.99999999999994 
2200 -4.858017274240193 1.0 148.0 
2300 -4.990026927130235 1.000000000000001 148.00000000000017 
2400 -4.759787034739434 1.0000000000000004 148.00000000000006 
2500 -4.882080789557101 1.0 148.0 
2600 -4.818415793234502 1.0000000000000007 148.00000000000009 
2700 -4.8305514755546515 1.0 148.0 
2800 -4.892172887667126 1.0000000000000018 148.00000000000026 
2900 -4.755593283155151 1.0000000000000009 148.00000000000014 
3000 -4.803237456706926 0.9999999999999997 147.99999999999994 
3100 -4.837767921516965 1.000000000000001 148.00000000000017 
3200 -4.874546377203185 1.0 148.0 
3300 -4.919287374088822 0.9999999999999992 147.9999999999999 
3400 -4.774057334597149 0.9999999999999998 147.99999999999997 
3500 -4.700191042368026 1.000000000000001 148.00000000000017 
3600 -4.725501477764982 0.9999999999999998 147.99999999999997 
3700 -4.876969767903431 1.0000000000000007 148.0000000000001 
3800 -4.84428704939239 0.9999999999999997 147.99999999999994 
3900 -4.900166665502723 0.9999999999999997 147.99999999999994 
4000 -4.803184656184173 1.0 148.0 
4100 -4.8505637881684605 0.9999999999999979 147.9999999999997 
4200 -4.894677331931271 0.9999999999999992 147.9999999999999 
4300 -4.7634531960324695 0.9999999999999994 147.99999999999991 
4400 -4.861094832836901 0.9999999999999997 147.99999999999994 
4500 -4.946113022606985 0.9999999999999994 147.99999999999991 
4600 -4.819672742543281 1.0000000000000004 148.00000000000006 
4700 -4.883857628543871 1.0000000000000002 148.00000000000003 
4800 -4.8255504889433345 1.0000000000000004 148.00000000000006 
4900 -4.982585855782014 1.0000000000000007 148.00000000000009 
5000 -4.838857189894595 0.9999999999999981 147.99999999999972 
5100 -4.883469480570356 0.9999999999999992 147.9999999999999 
5200 -5.0674485397784075 1.0000000000000007 148.0000000000001 
5300 -4.920275037881149 0.9999999999999992 147.9999999999999 
5400 -4.972002862845952 1.0000000000000004 148.00000000000006 
5500 -4.77102267441294 0.9999999999999989 147.99999999999983 
5600 -4.923800098209553 1.0 148.0 
5700 -5.0700647048083765 0.9999999999999994 147.99999999999991 
5800 -5.151475285295227 0.9999999999999992 147.9999999999999 
5900 -4.950805239220044 0.9999999999999997 147.99999999999994 
6000 -4.822337487082083 0.9999999999999997 147.99999999999994 
6100 -4.831066089386743 0.9999999999999997 147.99999999999994 
6200 -4.764906752980251 1.0000000000000002 148.00000000000003 
6300 -4.927474152799664 1.0000000000000002 148.00000000000003 
6400 -4.884828312588149 1.0000000000000002 148.00000000000003 
6500 -4.735766902816024 1.0000000000000007 148.00000000000009 
6600 -4.6762202107517785 1.000000000000001 148.00000000000017 
6700 -4.735926756334679 1.0000000000000013 148.0000000000002 
6800 -4.776268335261838 0.9999999999999994 147.99999999999991 
6900 -4.696085486689505 1.0 148.0 
7000 -4.834570128033217 0.9999999999999992 147.9999999999999 
7100 -4.774791659925293 1.0 148.0 
7200 -4.81765246893393 1.0000000000000007 148.0000000000001 
7300 -4.7730754377606175 0.9999999999999984 147.99999999999977 
7400 -4.795995098284631 0.9999999999999998 147.99999999999997 
7500 -4.992273957830342 0.9999999999999998 147.99999999999997 
7600 -4.94311212000574 1.0000000000000002 148.00000000000003 
7700 -4.812342855207182 0.9999999999999997 147.99999999999994 
7800 -4.637447079884343 1.0000000000000004 148.00000000000006 
7900 -5.041438413089174 0.9999999999999998 147.99999999999997 
8000 -4.897418357878543 1.0000000000000007 148.00000000000009 
8100 -4.855168798218196 0.9999999999999997 147.99999999999994 
8200 -4.714512766419395 0.9999999999999998 147.99999999999997 
8300 -4.948292587380855 1.0 148.0 
8400 -4.969922916710826 1.0000000000000002 148.00000000000003 
8500 -4.955266127257099 1.0000000000000002 148.00000000000003 
8600 -4.876552487857225 1.0000000000000007 148.0000000000001 
8700 -4.864508563432611 1.0000000000000007 148.00000000000009 
8800 -4.939443140008253 0.9999999999999994 147.99999999999991 
8900 -4.8116813073095726 1.000000000000001 148.00000000000017 
9000 -4.886201050121117 1.0 148.0 
9100 -4.98517267251004 0.9999999999999997 147.99999999999994 
9200 -4.5303110836906235 1.0000000000000007 148.00000000000009 
9300 -4.895086513472207 1.0000000000000002 148.00000000000003 
9400 -5.0244252529813815 0.9999999999999994 147.99999999999991 
9500 -4.711501715450781 1.0000000000000002 148.00000000000003 
9600 -4.853633594152756 1.0000000000000018 148.00000000000026 
9700 -4.9655651265585785 0.999999999999999 147.99999999999986 
9800 -5.0718244584624275 0.9999999999999997 147.99999999999994 
9900 -4.932916095645129 1.0000000000000002 148.00000000000003 
10000 -4.820593912584534 0.9999999999999992 147.9999999999999 
10100 -4.7206074840066385 1.0000000000000002 148.00000000000003 
10200 -5.033727192195098 1.0000000000000002 148.00000000000003 
10300 -4.795906376592984 1.0000000000000004 148.00000000000006 
10400 -4.8417719212725645 1.0000000000000007 148.00000000000009 
10500 -4.8664988067709825 1.0000000000000004 148.00000000000006 
10600 -4.915189150077836 1.0 148.0 
10700 -4.867242097963079 1.0 148.0 
10800 -4.902733849317746 0.9999999999999997 147.99999999999994 
10900 -4.880188218438307 0.9999999999999992 147.9999999999999 
11000 -4.894969685879163 0.9999999999999997 147.99999999999994 
11100 -4.825141662547036 1.0000000000000007 148.0000000000001 
11200 -4.872949168018436 0.9999999999999994 147.99999999999991 
11300 -4.842286825291821 1.0000000000000004 148.00000000000006 
11400 -4.7725426159930615 0.9999999999999994 147.99999999999991 
11500 -4.990038692082211 0.9999999999999994 147.99999999999991 
11600 -4.944687477294129 0.9999999999999998 147.99999999999997 
11700 -4.679317592700317 1.0000000000000002 148.00000000000003 
11800 -5.056343945931363 0.9999999999999997 147.99999999999994 
11900 -4.9505701366390165 1.0 148.0 
12000 -4.708875043030969 1.0000000000000007 148.00000000000009 
12100 -4.84465429240849 1.0 148.0 
12200 -4.722614400670349 1.0 148.0 
12300 -4.874973785673996 0.9999999999999998 147.99999999999997 
12400 -4.881076824733933 0.9999999999999994 147.99999999999991 
12500 -4.775525817476555 1.000000000000001 148.00000000000017 
12600 -4.883824794417735 1.0000000000000007 148.0000000000001 
12700 -4.789470852985487 1.0 148.0 
12800 -4.886628919996053 0.9999999999999997 147.99999999999994 
12900 -4.662538048523887 1.0000000000000016 148.00000000000023 
13000 -4.8141950777515525 1.0000000000000002 148.00000000000003 
13100 -4.967893767816159 1.0 148.0 
13200 -4.715708027366852 1.0000000000000007 148.0000000000001 
13300 -4.769859063865393 1.0000000000000002 148.00000000000003 
13400 -4.75385815892281 0.9999999999999994 147.99999999999991 
13500 -4.87743060238518 1.0000000000000004 148.00000000000006 
13600 -4.945818399489376 1.0000000000000004 148.00000000000006 
13700 -4.856454116680453 0.9999999999999987 147.9999999999998 
13800 -4.964386737520042 0.9999999999999998 147.99999999999997 
13900 -4.816124513095498 1.0000000000000016 148.00000000000023 
14000 -4.817596664982532 0.9999999999999994 147.99999999999991 
14100 -4.889844654088954 0.9999999999999998 147.99999999999997 
14200 -4.810547692696119 0.9999999999999992 147.9999999999999 
14300 -4.805892370014553 1.0000000000000002 148.00000000000003 
14400 -4.807811027552466 0.9999999999999998 147.99999999999997 
14500 -4.805784759397223 1.0000000000000007 148.00000000000009 
14600 -4.742074974897759 0.9999999999999997 147.99999999999994 
14700 -4.742805733714961 1.0000000000000007 148.00000000000009 
14800 -4.866328041423934 0.9999999999999997 147.99999999999994 
14900 -4.846698924282645 0.999999999999999 147.99999999999986 
15000 -4.842655594639431 0.9999999999999997 147.99999999999994 
15100 -4.769848984555372 1.0 148.0 
15200 -4.87702591388301 1.0 148.0 
15300 -4.8739357712801965 0.9999999999999987 147.9999999999998 
15400 -4.788214238875455 0.9999999999999998 147.99999999999997 
15500 -4.967254347743189 0.9999999999999998 147.99999999999997 
15600 -4.833611784346761 1.0000000000000007 148.00000000000009 
15700 -4.880286504656677 0.9999999999999997 147.99999999999994 
15800 -4.637747906317742 1.0000000000000004 148.00000000000006 
15900 -4.846535000917614 0.9999999999999989 147.99999999999983 
16000 -4.860474217143542 1.000000000000001 148.00000000000017 
16100 -4.870344151556587 0.9999999999999989 147.99999999999983 
16200 -4.917267483804562 1.0000000000000002 148.00000000000003 
16300 -4.731104673627602 1.0 148.0 
16400 -4.655265102468196 0.9999999999999992 147.9999999999999 
16500 -4.874708007202495 1.0 148.0 
16600 -4.78834712445236 1.0000000000000004 148.00000000000006 
16700 -4.728810936741026 1.0000000000000004 148.00000000000006 
16800 -4.683959407270598 1.0000000000000002 148.00000000000003 
16900 -4.938421710155407 1.0000000000000004 148.00000000000006 
17000 -4.784816399690329 0.9999999999999992 147.9999999999999 
17100 -4.750463637337273 1.0000000000000004 148.00000000000006 
17200 -4.784600422421529 0.9999999999999989 147.99999999999983 
17300 -4.836819589155143 0.9999999999999994 147.99999999999991 
17400 -5.007404986574377 1.0000000000000004 148.00000000000006 
17500 -4.824417519686061 0.9999999999999997 147.99999999999994 
17600 -4.744170060988961 1.0000000000000009 148.00000000000014 
17700 -4.849555249285149 1.0000000000000004 148.00000000000006 
17800 -4.940765238090188 0.9999999999999997 147.99999999999994 
17900 -4.7551488848321775 0.9999999999999997 147.99999999999994 
18000 -4.894238534653353 0.9999999999999992 147.9999999999999 
18100 -5.013477044452136 0.9999999999999992 147.9999999999999 
18200 -5.026634853057853 1.0000000000000009 148.00000000000014 
18300 -4.700266714525287 1.0000000000000013 148.0000000000002 
18400 -4.889291580021189 0.9999999999999992 147.9999999999999 
18500 -5.002874040047818 1.0000000000000007 148.0000000000001 
18600 -4.929564569594107 1.0000000000000002 148.00000000000003 
18700 -4.842781417654625 1.0000000000000002 148.00000000000003 
18800 -4.995236885385974 1.0000000000000004 148.00000000000006 
18900 -5.039662963637862 1.0000000000000002 148.00000000000003 
19000 -4.835371217061303 1.0000000000000002 148.00000000000003 
19100 -4.898963133333086 0.9999999999999998 147.99999999999997 
19200 -4.986510018013412 0.9999999999999997 147.99999999999994 
19300 -4.7462364650754125 1.0000000000000004 148.00000000000006 
19400 -4.835017942617031 1.0 148.0 
19500 -5.010126463058818 0.9999999999999994 147.99999999999991 
19600 -4.756942588266208 0.9999999999999994 147.99999999999991 
19700 -4.850024050732533 1.0000000000000013 148.0000000000002 
19800 -4.937638992282848 1.0000000000000002 148.00000000000003 
19900 -4.8739979550806 0.9999999999999997 147.99999999999994 
20000 -4.9134579937370635 1.0000000000000013 148.0000000000002 
20100 -4.61957996228792 1.000000000000001 148.00000000000017 
20200 -4.873276380054218 0.9999999999999997 147.99999999999994 
20300 -4.81799791746575 1.0000000000000004 148.00000000000006 
20400 -4.9113268434979105 1.0000000000000013 148.0000000000002 
20500 -4.874245135772015 1.0000000000000007 148.00000000000009 
20600 -4.935931683860804 1.0 148.0 
20700 -4.8537031199859895 1.0000000000000007 148.00000000000009 
20800 -4.731648072553646 1.0000000000000004 148.00000000000006 
20900 -4.842991232648558 1.0000000000000004 148.00000000000006 
21000 -4.878588342541104 0.9999999999999997 147.99999999999994 
21100 -4.6501896755027685 1.0000000000000004 148.00000000000006 
21200 -4.780047671136091 1.0000000000000002 148.00000000000003 
21300 -4.84086908114632 1.0000000000000002 148.00000000000003 
21400 -4.714684063175991 0.9999999999999997 147.99999999999994 
21500 -4.816296513015724 1.0000000000000004 148.00000000000006 
21600 -4.8717557344364195 0.9999999999999989 147.99999999999983 
21700 -4.675516588740017 1.0000000000000002 148.00000000000003 
21800 -4.848003230765572 0.9999999999999997 147.99999999999994 
21900 -4.785122743913244 0.9999999999999998 147.99999999999997 
22000 -4.8466194494644546 1.0000000000000002 148.00000000000003 
22100 -4.887166991295486 0.9999999999999998 147.99999999999997 
22200 -4.86025911074995 0.9999999999999992 147.9999999999999 
22300 -4.792033173541448 1.0000000000000007 148.0000000000001 
22400 -4.847002523815502 1.0000000000000004 148.00000000000006 
22500 -4.81290326158111 1.0 148.0 
22600 -4.944104526466024 0.9999999999999992 147.9999999999999 
22700 -4.964659694581249 0.9999999999999998 147.99999999999997 
22800 -4.817712787946776 0.9999999999999987 147.9999999999998 
22900 -4.8520658023166785 0.9999999999999992 147.9999999999999 
23000 -4.828440117527556 1.0000000000000004 148.00000000000006 
23100 -4.866668750245859 1.0000000000000007 148.0000000000001 
23200 -4.9672243616367915 1.0000000000000009 148.00000000000014 
23300 -4.814126175196903 0.9999999999999998 147.99999999999997 
23400 -4.812963058169902 0.9999999999999998 147.99999999999997 
23500 -4.788776263163645 0.9999999999999994 147.99999999999991 
23600 -4.962071392351652 1.0000000000000013 148.0000000000002 
23700 -4.760188862703093 1.0000000000000007 148.00000000000009 
23800 -4.812230848802596 0.9999999999999998 147.99999999999997 
23900 -4.734085547613179 0.9999999999999998 147.99999999999997 
24000 -4.820898908855892 0.9999999999999994 147.99999999999991 
24100 -4.794287541838652 0.9999999999999997 147.99999999999994 
24200 -4.806343572378786 0.9999999999999997 147.99999999999994 
24300 -4.799596351851854 0.9999999999999998 147.99999999999997 
24400 -4.969764008083511 1.0000000000000009 148.00000000000014 
24500 -4.8647408291805245 0.9999999999999998 147.99999999999997 
24600 -5.078882945008194 1.0000000000000016 148.00000000000023 
24700 -4.81483084654092 0.9999999999999997 147.99999999999994 
24800 -4.93139924164617 1.0000000000000007 148.00000000000009 
24900 -4.960660804292557 0.9999999999999998 147.99999999999997 
25000 -4.839446266099817 1.0000000000000013 148.0000000000002 
25100 -4.949412949986936 1.0000000000000009 148.00000000000014 
25200 -4.788498780332125 1.0000000000000007 148.0000000000001 
25300 -4.990640869704185 1.0000000000000013 148.0000000000002 
25400 -4.940813916408541 1.0000000000000007 148.0000000000001 
25500 -4.851287910679087 1.0000000000000018 148.00000000000026 
25600 -4.757617577791402 1.000000000000001 148.00000000000017 
25700 -4.745410311716933 1.0000000000000002 148.00000000000003 
25800 -4.798814762340395 1.0000000000000004 148.00000000000006 
25900 -4.8870805536998985 0.9999999999999994 147.99999999999991 
26000 -4.9747016809828395 0.9999999999999998 147.99999999999997 
26100 -4.844934507381021 1.0000000000000007 148.0000000000001 
26200 -4.634306982213353 1.0000000000000002 148.00000000000003 
26300 -5.04865390642192 0.9999999999999992 147.9999999999999 
26400 -4.851620623636865 1.0000000000000002 148.00000000000003 
26500 -5.066922471145031 1.0000000000000007 148.00000000000009 
26600 -4.884278652668314 1.0000000000000002 148.00000000000003 
26700 -4.959067267534052 1.0000000000000004 148.00000000000006 
26800 -4.9400237304174555 1.0000000000000007 148.0000000000001 
26900 -4.783854963919689 1.0 148.0 
27000 -4.971822669328583 1.0000000000000002 148.00000000000003 
27100 -4.726856370804243 0.9999999999999987 147.9999999999998 
27200 -4.844282655308226 0.9999999999999987 147.9999999999998 
27300 -4.801577028818159 1.0000000000000004 148.00000000000006 
27400 -4.721325444373005 0.9999999999999998 147.99999999999997 
27500 -4.791560392171768 0.9999999999999998 147.99999999999997 
27600 -4.834774561452247 0.9999999999999998 147.99999999999997 
27700 -4.933595417835508 1.000000000000001 148.00000000000017 
27800 -4.840239752657465 0.999999999999999 147.99999999999986 
27900 -4.939426042765381 1.0000000000000002 148.00000000000003 
28000 -4.8935049184122015 0.9999999999999989 147.99999999999983 
28100 -4.769096592838125 0.9999999999999987 147.9999999999998 
28200 -4.616087149028579 0.9999999999999992 147.9999999999999 
28300 -4.906906495121804 0.9999999999999997 147.99999999999994 
28400 -4.790952267807042 1.0 148.0 
28500 -4.874931693776054 1.0 148.0 
28600 -4.763843729211708 1.0000000000000007 148.00000000000009 
28700 -4.964254172818382 1.0000000000000002 148.00000000000003 
28800 -4.82596976335596 0.9999999999999997 147.99999999999994 
28900 -4.933424000426921 1.0000000000000002 148.00000000000003 
29000 -4.928182754326363 1.000000000000001 148.00000000000017 
29100 -4.836770281368787 0.9999999999999992 147.9999999999999 
29200 -4.79682912362488 0.9999999999999992 147.9999999999999 
29300 -4.7642114515825025 0.9999999999999997 147.99999999999994 
29400 -4.923917728818507 0.9999999999999987 147.9999999999998 
29500 -4.902443864272235 1.0000000000000002 148.00000000000003 
29600 -4.980608315311087 1.0000000000000002 148.00000000000003 
29700 -4.913220940938654 1.0000000000000002 148.00000000000003 
29800 -5.063659805425655 1.0000000000000004 148.00000000000006 
29900 -4.844064201892871 0.9999999999999998 147.99999999999997 
30000 -4.800665100445219 1.0000000000000002 148.00000000000003 
30100 -4.800029441799159 0.999999999999999 147.99999999999986 
30200 -4.756205927540408 1.0000000000000004 148.00000000000006 
30300 -4.919895888292038 0.9999999999999994 147.99999999999991 
30400 -4.864533472731719 1.0000000000000002 148.00000000000003 
30500 -4.911124684502597 0.9999999999999994 147.99999999999991 
30600 -4.844836804198788 1.0 148.0 
30700 -4.74144299332067 1.0000000000000007 148.00000000000009 
30800 -5.053485907516508 0.9999999999999997 147.99999999999994 
30900 -4.966666932285097 1.0000000000000007 148.00000000000009 
31000 -4.760795439561246 1.0000000000000002 148.00000000000003 
31100 -4.854108141581884 1.0000000000000004 148.00000000000006 
31200 -4.777571729582616 0.9999999999999997 147.99999999999994 
31300 -4.7962540016403254 0.9999999999999994 147.99999999999991 
31400 -4.775286495848794 1.0 148.0 
31500 -4.828466323797076 1.0000000000000007 148.0000000000001 
31600 -4.788132363996086 1.0000000000000002 148.00000000000003 
31700 -4.8054948951721785 1.0 148.0 
31800 -4.753122226921636 0.9999999999999997 147.99999999999994 
31900 -4.767938706652691 0.999999999999999 147.99999999999986 
32000 -4.932380618040239 1.0 148.0 
32100 -4.871115720277622 0.9999999999999998 147.99999999999997 
32200 -4.73754232935385 1.0000000000000004 148.00000000000006 
32300 -5.004150148679264 1.0000000000000002 148.00000000000003 
32400 -4.806239879273579 0.9999999999999994 147.99999999999991 
32500 -4.8674157529727085 0.9999999999999994 147.99999999999991 
32600 -4.922737398467291 1.0000000000000004 148.00000000000006 
32700 -4.886646265679369 1.0000000000000002 148.00000000000003 
32800 -4.86075087372295 1.0 148.0 
32900 -5.009550690420914 1.0000000000000002 148.00000000000003 
33000 -4.80148365149403 0.9999999999999998 147.99999999999997 
33100 -4.845275137645753 1.0000000000000007 148.00000000000009 
33200 -5.116188625349871 1.0000000000000009 148.00000000000014 
33300 -4.701969670299433 0.9999999999999997 147.99999999999994 
33400 -4.860597652810202 0.9999999999999997 147.99999999999994 
33500 -4.900783679295593 0.9999999999999992 147.9999999999999 
33600 -4.962560858259937 1.0000000000000007 148.00000000000009 
33700 -4.910916130990663 1.0000000000000013 148.0000000000002 
33800 -4.793471147224303 1.0 148.0 
33900 -4.73860321460731 1.0 148.0 
34000 -4.90358164036828 0.999999999999999 147.99999999999986 
34100 -4.8899977135349975 0.9999999999999992 147.9999999999999 
34200 -4.929539260236587 0.9999999999999992 147.9999999999999 
34300 -4.941166296801383 1.0000000000000002 148.00000000000003 
34400 -4.839839410635386 0.9999999999999998 147.99999999999997 
34500 -4.783823139207932 0.9999999999999997 147.99999999999994 
34600 -5.066676072361463 1.0000000000000004 148.00000000000006 
34700 -4.799449195662945 1.0000000000000004 148.00000000000006 
34800 -5.023595010788758 1.0000000000000002 148.00000000000003 
34900 -4.938776962420951 0.9999999999999998 147.99999999999997 
35000 -4.875991381998665 0.9999999999999992 147.9999999999999 
35100 -4.976435557263482 1.0000000000000002 148.00000000000003 
35200 -4.839463353892846 1.0000000000000007 148.00000000000009 
35300 -4.886511696143836 1.0 148.0 
35400 -4.7388339756053925 1.0 148.0 
35500 -4.846660025121015 1.0 148.0 
35600 -4.865434780529465 0.9999999999999994 147.99999999999991 
35700 -4.826856362275303 0.9999999999999987 147.9999999999998 
35800 -4.979813791704057 1.0000000000000007 148.0000000000001 
35900 -4.83348615390413 1.0 148.0 
36000 -4.939543119121888 0.9999999999999997 147.99999999999994 
36100 -4.6601234348436895 1.0 148.0 
36200 -4.990694230012858 0.9999999999999992 147.9999999999999 
36300 -4.739709732659357 1.000000000000001 148.00000000000017 
36400 -4.912246776087413 0.9999999999999998 147.99999999999997 
36500 -4.7826222400391 0.9999999999999992 147.9999999999999 
36600 -4.667624763340909 0.9999999999999994 147.99999999999991 
36700 -4.896463858044728 1.0000000000000009 148.00000000000014 
36800 -4.815228953797469 1.0000000000000004 148.00000000000006 
36900 -4.832502904740017 1.0 148.0 
37000 -4.933655318853189 1.0000000000000018 148.00000000000026 
37100 -4.810586560998778 1.0000000000000007 148.00000000000009 
37200 -4.8839626412573285 1.000000000000001 148.00000000000017 
37300 -4.830297619470461 1.0000000000000007 148.00000000000009 
37400 -4.769777562545741 0.9999999999999994 147.99999999999991 
37500 -4.790622510271542 0.9999999999999992 147.9999999999999 
37600 -4.752221688544597 1.0000000000000009 148.00000000000014 
37700 -4.72597599179168 0.9999999999999989 147.99999999999983 
37800 -4.860636926720605 1.0000000000000002 148.00000000000003 
37900 -4.835071552564545 0.9999999999999987 147.9999999999998 
38000 -4.9527791068633995 1.0 148.0 
38100 -4.919896289971044 0.9999999999999984 147.99999999999977 
38200 -5.004582478271979 0.9999999999999992 147.9999999999999 
38300 -4.887105231273917 0.9999999999999998 147.99999999999997 
38400 -4.9061716318629625 0.9999999999999997 147.99999999999994 
38500 -4.91171359108807 1.0000000000000002 148.00000000000003 
38600 -4.8323231459990446 1.0000000000000004 148.00000000000006 
38700 -4.7967053775562185 1.0000000000000009 148.00000000000014 
38800 -4.7742222895736335 0.9999999999999994 147.99999999999991 
38900 -5.022121602959644 0.9999999999999994 147.99999999999991 
39000 -4.906281986416735 1.0 148.0 
39100 -4.849044980315975 1.0000000000000013 148.0000000000002 
39200 -4.831135742147892 0.999999999999999 147.99999999999986 
39300 -4.958877836142349 1.0000000000000002 148.00000000000003 
39400 -4.916003828434175 1.0000000000000007 148.00000000000009 
39500 -4.830938778777458 0.9999999999999997 147.99999999999994 
39600 -4.909767370979047 0.9999999999999989 147.99999999999983 
39700 -4.879555840841302 1.0000000000000013 148.0000000000002 
39800 -4.839333608780075 0.9999999999999994 147.99999999999991 
39900 -4.884030118492066 0.9999999999999992 147.9999999999999 
40000 -4.856257064916511 0.9999999999999998 147.99999999999997 
40100 -4.893214955321599 1.0 148.0 
40200 -4.77004541190183 1.0 148.0 
40300 -4.948035761772246 0.9999999999999992 147.9999999999999 
40400 -4.921538509661853 1.0000000000000007 148.0000000000001 
40500 -4.941340947062032 1.000000000000001 148.00000000000017 
40600 -4.792632565257966 1.0000000000000009 148.00000000000014 
40700 -4.797481453358134 1.0000000000000009 148.00000000000014 
40800 -4.950708046778456 0.9999999999999997 147.99999999999994 
40900 -4.778545422411045 1.0000000000000013 148.0000000000002 
41000 -5.030886437404446 0.9999999999999997 147.99999999999994 
41100 -4.846163955317519 1.0000000000000016 148.00000000000023 
41200 -4.714759980131181 1.0000000000000007 148.0000000000001 
41300 -4.852232925317926 0.9999999999999989 147.99999999999983 
41400 -4.892615890934507 1.0000000000000002 148.00000000000003 
41500 -4.846395329087329 0.999999999999999 147.99999999999986 
41600 -4.7026574261587015 1.0 148.0 
41700 -4.965410922431233 0.9999999999999992 147.9999999999999 
41800 -4.808501630305166 1.0000000000000009 148.00000000000014 
41900 -4.851497325264904 0.9999999999999989 147.99999999999983 
42000 -4.8067140530551775 1.0000000000000004 148.00000000000006 
42100 -4.748898078916704 1.0 148.0 
42200 -4.8471005634279 0.9999999999999987 147.9999999999998 
42300 -4.7371484747644255 1.0 148.0 
42400 -4.8287983194699216 1.0000000000000002 148.00000000000003 
42500 -5.000849470429486 0.9999999999999994 147.99999999999991 
42600 -4.874166787137256 1.0000000000000004 148.00000000000006 
42700 -4.864662666175262 0.9999999999999994 147.99999999999991 
42800 -4.784292817609921 0.999999999999999 147.99999999999986 
42900 -4.826124301054361 0.9999999999999994 147.99999999999991 
43000 -4.8754638931873515 0.9999999999999998 147.99999999999997 
43100 -4.877870014869838 0.9999999999999997 147.99999999999994 
43200 -4.733661757193834 1.0000000000000004 148.00000000000006 
43300 -4.966292562668633 0.9999999999999998 147.99999999999997 
43400 -4.846522449983251 0.9999999999999997 147.99999999999994 
43500 -4.821700780245012 1.0000000000000007 148.00000000000009 
43600 -5.018235758044829 1.0000000000000018 148.00000000000026 
43700 -4.739933009186204 1.0 148.0 
43800 -4.9355117123779655 1.0000000000000007 148.00000000000009 
43900 -4.884924574119149 1.0000000000000002 148.00000000000003 
44000 -4.9443437657260745 0.9999999999999981 147.99999999999972 
44100 -4.828626412491636 1.0000000000000002 148.00000000000003 
44200 -4.877679018781915 1.0000000000000002 148.00000000000003 
44300 -4.878516537596966 0.9999999999999992 147.9999999999999 
44400 -4.857351338713639 1.0 148.0 
44500 -4.71814043106064 1.000000000000001 148.00000000000017 
44600 -4.988045955304224 1.0000000000000007 148.00000000000009 
44700 -4.83364431159591 1.0000000000000007 148.0000000000001 
44800 -4.899343310811082 0.999999999999999 147.99999999999986 
44900 -4.948145026855204 1.0000000000000002 148.00000000000003 
45000 -4.866322569850158 0.9999999999999992 147.9999999999999 
45100 -4.759928621998491 1.0000000000000002 148.00000000000003 
45200 -4.826356708641864 1.0000000000000007 148.00000000000009 
45300 -4.891591969964415 1.0 148.0 
45400 -4.94783439358073 0.9999999999999992 147.9999999999999 
45500 -4.968992004486912 1.0000000000000007 148.00000000000009 
45600 -5.053675496807059 0.9999999999999979 147.9999999999997 
45700 -4.833892233749727 0.9999999999999998 147.99999999999997 
45800 -4.891811429755561 1.0000000000000007 148.00000000000009 
45900 -4.776441143662894 0.9999999999999992 147.9999999999999 
46000 -4.801548618379634 1.0000000000000007 148.00000000000009 
46100 -5.0070585807119645 1.0000000000000007 148.00000000000009 
46200 -4.908703186670986 1.0000000000000002 148.00000000000003 
46300 -4.732449675924103 1.0000000000000018 148.00000000000026 
46400 -4.884285814509308 1.0000000000000013 148.0000000000002 
46500 -4.874938294805903 1.0000000000000007 148.00000000000009 
46600 -4.945544144574956 0.9999999999999997 147.99999999999994 
46700 -4.841051648115946 1.0000000000000007 148.00000000000009 
46800 -4.902324385037977 1.0000000000000007 148.00000000000009 
46900 -4.8324346477960045 1.0000000000000009 148.00000000000014 
47000 -4.826483465351489 0.9999999999999992 147.9999999999999 
47100 -4.637445217610138 1.0 148.0 
47200 -4.864023411772541 1.0000000000000007 148.00000000000009 
47300 -4.816854571849844 1.0000000000000007 148.00000000000009 
47400 -4.811316776912052 1.0000000000000009 148.00000000000014 
47500 -4.93730487106971 1.0000000000000007 148.00000000000009 
47600 -4.889226325303968 1.0000000000000004 148.00000000000006 
47700 -5.030870927156775 1.0000000000000004 148.00000000000006 
47800 -4.930102447438256 0.9999999999999994 147.99999999999991 
47900 -4.871866376524861 1.0 148.0 
48000 -4.907389299708231 1.000000000000001 148.00000000000017 
48100 -4.736318978571075 0.9999999999999992 147.9999999999999 
48200 -4.774460350070668 0.9999999999999997 147.99999999999994 
48300 -4.938546355888591 1.0000000000000007 148.0000000000001 
48400 -4.693140646977804 1.0000000000000004 148.00000000000006 
48500 -4.997217701163404 1.0000000000000007 148.00000000000009 
48600 -4.866158960057762 0.9999999999999994 147.99999999999991 
48700 -4.737406351144572 0.9999999999999997 147.99999999999994 
48800 -4.762295597681731 1.0000000000000007 148.0000000000001 
48900 -4.685208283483619 1.0000000000000004 148.00000000000006 
49000 -4.9943877547876605 0.9999999999999997 147.99999999999994 
49100 -5.00635355629562 0.999999999999999 147.99999999999986 
49200 -4.847582189827323 0.9999999999999998 147.99999999999997 
49300 -5.0156127014413245 1.0000000000000007 148.00000000000009 
49400 -4.864102351013853 1.0000000000000002 148.00000000000003 
49500 -4.759225084819279 1.000000000000001 148.00000000000017 
49600 -4.856140439560604 1.0000000000000004 148.00000000000006 
49700 -4.830927452198695 0.9999999999999992 147.9999999999999 
49800 -4.901677978306531 1.0 148.0 
49900 -4.730185115783869 1.0 148.0 
50000 -4.720917519769356 1.0000000000000004 148.00000000000006 
50100 -4.948598140165788 0.9999999999999987 147.9999999999998 
50200 -4.731910452107853 0.9999999999999997 147.99999999999994 
50300 -4.916058481193542 0.9999999999999989 147.99999999999983 
50400 -4.951662467123379 1.0000000000000004 148.00000000000006 
50500 -4.976941636036152 0.9999999999999992 147.9999999999999 
50600 -5.018822258630803 0.9999999999999998 147.99999999999997 
50700 -4.857904252232108 1.0000000000000004 148.00000000000006 
50800 -5.003663511684076 1.0000000000000018 148.00000000000026 
50900 -4.939286051126854 1.0000000000000002 148.00000000000003 
51000 -4.87084197355693 1.0000000000000004 148.00000000000006 
51100 -4.843887827220641 1.0000000000000004 148.00000000000006 
51200 -4.7980685760112305 1.000000000000001 148.00000000000017 
51300 -4.902227043979845 1.0 148.0 
51400 -4.7414452155053475 0.9999999999999992 147.9999999999999 
51500 -4.931161076723872 1.0000000000000007 148.0000000000001 
51600 -4.874644088474666 1.0000000000000009 148.00000000000014 
51700 -4.981634219295603 1.0000000000000002 148.00000000000003 
51800 -4.875626771390498 1.0000000000000009 148.00000000000014 
51900 -4.833109053755509 1.0000000000000004 148.00000000000006 
52000 -4.765224479327853 0.9999999999999998 147.99999999999997 
52100 -4.911947563660068 0.9999999999999992 147.9999999999999 
52200 -4.861087224455089 0.9999999999999994 147.99999999999991 
52300 -5.031093989813944 1.0000000000000004 148.00000000000006 
52400 -4.793846118834872 0.9999999999999987 147.9999999999998 
52500 -4.951012328784487 0.9999999999999998 147.99999999999997 
52600 -4.817881757033509 0.9999999999999998 147.99999999999997 
52700 -4.918924249434119 1.0000000000000004 148.00000000000006 
52800 -4.841990151531106 0.9999999999999992 147.9999999999999 
52900 -4.674835942093474 0.9999999999999998 147.99999999999997 
53000 -4.887151384617978 1.0000000000000002 148.00000000000003 
53100 -4.702354717439347 1.0 148.0 
53200 -4.737314679300328 0.9999999999999997 147.99999999999994 
53300 -4.967543830633022 1.0000000000000004 148.00000000000006 
53400 -4.817722679771469 1.000000000000001 148.00000000000017 
53500 -4.8355755114404175 1.0000000000000007 148.0000000000001 
53600 -4.84554128382682 0.9999999999999992 147.9999999999999 
53700 -4.854181699018031 0.9999999999999992 147.9999999999999 
53800 -4.746528140293205 1.0 148.0 
53900 -4.751599524832786 0.9999999999999994 147.99999999999991 
54000 -4.612666566298106 1.0000000000000007 148.00000000000009 
54100 -4.946985145121183 0.9999999999999998 147.99999999999997 
54200 -4.877419439594221 0.9999999999999989 147.99999999999983 
54300 -5.07665124122012 0.999999999999999 147.99999999999986 
54400 -4.6537232573723335 0.9999999999999992 147.9999999999999 
54500 -4.748244765863279 0.9999999999999998 147.99999999999997 
54600 -4.985827774681354 1.0000000000000007 148.00000000000009 
54700 -4.918041078796729 1.0000000000000007 148.0000000000001 
54800 -4.8278154681228695 0.9999999999999998 147.99999999999997 
54900 -4.926890407244787 1.0 148.0 
55000 -4.795997839049367 0.9999999999999994 147.99999999999991 
55100 -4.726338050177886 0.9999999999999994 147.99999999999991 
55200 -4.834125458504826 0.9999999999999992 147.9999999999999 
55300 -4.898449371916709 1.0000000000000004 148.00000000000006 
55400 -4.927868436388169 0.999999999999999 147.99999999999986 
55500 -4.7889782435637205 1.0 148.0 
55600 -4.9434946433324685 0.9999999999999989 147.99999999999983 
55700 -4.91329343660942 1.0000000000000007 148.0000000000001 
55800 -4.913947777375815 0.9999999999999997 147.99999999999994 
55900 -5.030639097112955 1.0000000000000002 148.00000000000003 
56000 -4.89479996234767 1.0000000000000009 148.00000000000014 
56100 -4.703052631467916 1.0000000000000007 148.0000000000001 
56200 -4.814152589689101 1.0000000000000007 148.0000000000001 
56300 -4.86236498361323 1.0000000000000013 148.0000000000002 
56400 -4.91517618921307 1.0000000000000002 148.00000000000003 
56500 -4.734401468996328 1.0000000000000002 148.00000000000003 
56600 -4.726525464347569 1.0000000000000007 148.0000000000001 
56700 -4.842235121622547 1.0000000000000013 148.0000000000002 
56800 -5.0278100989839745 0.9999999999999998 147.99999999999997 
56900 -4.817170488993894 1.000000000000001 148.00000000000017 
57000 -5.001196000521218 1.0 148.0 
57100 -4.811053421045126 0.9999999999999994 147.99999999999991 
57200 -4.890694119663856 0.9999999999999997 147.99999999999994 
57300 -4.806031242786369 0.9999999999999997 147.99999999999994 
57400 -4.891648892055734 1.0000000000000016 148.00000000000023 
57500 -4.897754967287725 1.000000000000001 148.00000000000017 
57600 -4.8348991882932975 0.9999999999999994 147.99999999999991 
57700 -4.992232074208462 1.000000000000001 148.00000000000017 
57800 -4.807015501325268 0.999999999999999 147.99999999999986 
57900 -4.879730103377725 1.0000000000000004 148.00000000000006 
58000 -4.790986243766124 1.0 148.0 
58100 -4.949208364654674 0.9999999999999992 147.9999999999999 
58200 -4.994175018276355 0.9999999999999998 147.99999999999997 
58300 -4.824665635105203 0.9999999999999989 147.99999999999983 
58400 -4.964508446468101 1.0000000000000004 148.00000000000006 
58500 -4.916316865745554 1.0000000000000022 148.0000000000003 
58600 -4.874841108176443 1.0000000000000002 148.00000000000003 
58700 -4.806820128782082 1.0 148.0 
58800 -5.003250839093893 0.999999999999999 147.99999999999986 
58900 -4.737634415789007 0.9999999999999998 147.99999999999997 
59000 -4.901881965925861 1.0000000000000007 148.00000000000009 
59100 -4.878393226450047 1.0000000000000002 148.00000000000003 
59200 -4.827861388447761 1.0000000000000009 148.00000000000014 
59300 -4.9198283677013155 1.0 148.0 
59400 -4.878933186750632 0.9999999999999994 147.99999999999991 
59500 -4.983171267413936 0.9999999999999997 147.99999999999994 
59600 -4.938403337980179 0.9999999999999994 147.99999999999991 
59700 -4.825081631723457 0.999999999999999 147.99999999999986 
59800 -4.8942645883102776 1.0 148.0 
59900 -4.873595937118572 0.9999999999999992 147.9999999999999 
60000 -4.876578249013437 0.9999999999999994 147.99999999999991 
60100 -4.85103295299474 0.999999999999999 147.99999999999986 
60200 -4.754117654276394 1.0000000000000018 148.00000000000026 
60300 -4.885424124352616 1.0000000000000002 148.00000000000003 
60400 -4.933010746506785 1.0 148.0 
60500 -4.8019830138952475 1.0000000000000004 148.00000000000006 
60600 -4.883506411007891 0.9999999999999994 147.99999999999991 
60700 -4.830649299597611 0.9999999999999989 147.99999999999983 
60800 -4.89396644571566 0.9999999999999994 147.99999999999991 
60900 -4.698707480567565 0.9999999999999989 147.99999999999983 
61000 -4.849341423639802 1.0000000000000007 148.00000000000009 
61100 -4.8948011088405865 1.0000000000000007 148.00000000000009 
61200 -4.884898367095063 0.9999999999999998 147.99999999999997 
61300 -5.008339463979464 1.000000000000001 148.00000000000017 
61400 -4.936477218997702 1.0000000000000004 148.00000000000006 
61500 -5.08432378126062 0.9999999999999994 147.99999999999991 
61600 -4.809200579169717 1.0 148.0 
61700 -5.063709134863098 0.9999999999999998 147.99999999999997 
61800 -4.835651943470408 0.9999999999999998 147.99999999999997 
61900 -4.789096052385203 0.999999999999999 147.99999999999986 
62000 -4.880904096121919 1.0000000000000007 148.0000000000001 
62100 -4.895434364738224 1.0000000000000002 148.00000000000003 
62200 -4.735886599114188 0.9999999999999997 147.99999999999994 
62300 -4.7231596555332205 0.9999999999999997 147.99999999999994 
62400 -4.990291358106794 1.0000000000000007 148.0000000000001 
62500 -4.914847394939088 1.0000000000000004 148.00000000000006 
62600 -4.827906193010465 1.0000000000000002 148.00000000000003 
62700 -4.870264255326529 1.0000000000000007 148.00000000000009 
62800 -4.722003764556404 1.0000000000000009 148.00000000000014 
62900 -4.859393795381689 0.9999999999999994 147.99999999999991 
63000 -5.046461011132881 0.9999999999999989 147.99999999999983 
63100 -4.823282245119313 0.9999999999999994 147.99999999999991 
63200 -4.8017449042150036 1.0 148.0 
63300 -4.8833364495465235 1.0000000000000004 148.00000000000006 
63400 -4.857707811520442 0.9999999999999998 147.99999999999997 
63500 -4.8378325877202295 1.0 148.0 
63600 -4.807305006531482 1.0000000000000009 148.00000000000014 
63700 -4.809382136771332 0.999999999999999 147.99999999999986 
63800 -5.018279049078297 0.9999999999999989 147.99999999999983 
63900 -4.808884274796015 1.0 148.0 
64000 -4.928023832674087 0.9999999999999997 147.99999999999994 
64100 -4.9076950258176755 0.9999999999999997 147.99999999999994 
64200 -4.947929923321077 1.000000000000001 148.00000000000017 
64300 -5.034356789001053 0.9999999999999994 147.99999999999991 
64400 -5.037257891180744 0.9999999999999992 147.9999999999999 
64500 -4.870694282843535 1.0000000000000004 148.00000000000006 
64600 -4.826462641454966 1.0000000000000002 148.00000000000003 
64700 -4.783826728049899 1.0000000000000002 148.00000000000003 
64800 -4.745298695912089 1.0 148.0 
64900 -4.83592166958076 1.0000000000000013 148.0000000000002 
65000 -4.921188127207854 1.000000000000001 148.00000000000017 
65100 -4.789215845981235 1.0000000000000002 148.00000000000003 
65200 -5.075923617379204 0.9999999999999994 147.99999999999991 
65300 -4.942029901901048 0.9999999999999997 147.99999999999994 
65400 -4.8709060507721285 1.0000000000000007 148.00000000000009 
65500 -4.930655498922705 0.999999999999999 147.99999999999986 
65600 -4.984365043893349 1.0 148.0 
65700 -4.824536614621382 0.9999999999999998 147.99999999999997 
65800 -4.810404222937469 0.9999999999999998 147.99999999999997 
65900 -4.797817928448376 0.9999999999999994 147.99999999999991 
66000 -4.898020485914802 1.0000000000000004 148.00000000000006 
66100 -4.902603457606176 1.0 148.0 
66200 -4.948274349039892 1.0000000000000009 148.00000000000014 
66300 -4.987684293001729 0.9999999999999989 147.99999999999983 
66400 -4.868943139684208 0.9999999999999997 147.99999999999994 
66500 -4.708384188200785 1.0000000000000013 148.0000000000002 
66600 -4.943959810935341 0.999999999999999 147.99999999999986 
66700 -4.815508217188429 1.0 148.0 
66800 -4.857507126789447 1.0 148.0 
66900 -4.909024468650825 1.0 148.0 
67000 -4.820451990721282 1.0000000000000007 148.00000000000009 
67100 -4.885252694961881 1.0000000000000007 148.0000000000001 
67200 -4.926833325508667 1.0 148.0 
67300 -4.8924455739710195 1.0000000000000007 148.00000000000009 
67400 -4.949800695244348 1.0000000000000009 148.00000000000014 
67500 -4.847696297751048 1.0000000000000002 148.00000000000003 
67600 -4.9889775586991805 1.0 148.0 
67700 -4.970776113743847 0.9999999999999992 147.9999999999999 
67800 -4.9031700911481035 1.0000000000000004 148.00000000000006 
67900 -4.87600913038988 0.9999999999999997 147.99999999999994 
68000 -4.970041079067129 1.0000000000000002 148.00000000000003 
68100 -4.831791772661266 1.0000000000000007 148.00000000000009 
68200 -4.974529523668988 0.9999999999999997 147.99999999999994 
68300 -4.98016067982596 0.9999999999999997 147.99999999999994 
68400 -4.776863793286854 0.9999999999999998 147.99999999999997 
68500 -4.808410582157719 1.0 148.0 
68600 -4.807070675700542 1.0000000000000002 148.00000000000003 
68700 -4.994495564785761 0.9999999999999997 147.99999999999994 
68800 -4.951667744332968 0.9999999999999997 147.99999999999994 
68900 -4.72752730802825 0.9999999999999989 147.99999999999983 
69000 -4.970783152941338 0.9999999999999994 147.99999999999991 
69100 -4.769568621471324 0.9999999999999984 147.99999999999977 
69200 -4.877427055948781 1.0000000000000018 148.00000000000026 
69300 -4.851561416377217 1.000000000000002 148.00000000000028 
69400 -4.670672865470374 0.9999999999999994 147.99999999999991 
69500 -4.90393092905241 1.0000000000000004 148.00000000000006 
69600 -4.904143797079368 0.9999999999999992 147.9999999999999 
69700 -4.951644341757977 1.0000000000000007 148.00000000000009 
69800 -4.87314928865859 1.0000000000000002 148.00000000000003 
69900 -4.87390874039014 1.0000000000000004 148.00000000000006 
70000 -4.980557234134426 1.0000000000000007 148.00000000000009 
70100 -4.850551177040548 1.0 148.0 
70200 -4.806185263200266 0.9999999999999997 147.99999999999994 
70300 -4.85316600323247 1.0 148.0 
70400 -4.858068409387971 0.9999999999999997 147.99999999999994 
70500 -4.796795450939874 0.9999999999999998 147.99999999999997 
70600 -4.824153763688272 1.0000000000000002 148.00000000000003 
70700 -4.821889259045031 1.0000000000000013 148.0000000000002 
70800 -4.9860201563069095 0.9999999999999994 147.99999999999991 
70900 -4.84581482986456 0.9999999999999998 147.99999999999997 
71000 -4.821577558989122 1.0000000000000002 148.00000000000003 
71100 -4.851591585544886 1.0000000000000002 148.00000000000003 
71200 -4.911618247863115 1.0 148.0 
71300 -4.659721304471552 1.0000000000000002 148.00000000000003 
71400 -4.719726496231868 0.9999999999999992 147.9999999999999 
71500 -4.751024658875718 1.0000000000000009 148.00000000000014 
71600 -4.765561200241109 0.9999999999999994 147.99999999999991 
71700 -4.835040448409729 0.9999999999999992 147.9999999999999 
71800 -4.882209598644755 1.0000000000000009 148.00000000000014 
71900 -4.820588853232589 1.0000000000000007 148.00000000000009 
72000 -4.773551693087674 1.0000000000000007 148.00000000000009 
72100 -4.708012260417867 0.9999999999999998 147.99999999999997 
72200 -4.973796382126834 0.9999999999999982 147.99999999999974 
72300 -4.943315794758923 1.0000000000000002 148.00000000000003 
72400 -4.8567693805056225 0.9999999999999992 147.9999999999999 
72500 -4.8873469971278265 0.9999999999999998 147.99999999999997 
72600 -4.869358557586784 0.9999999999999997 147.99999999999994 
72700 -4.753221865019655 1.0000000000000009 148.00000000000014 
72800 -4.964419543408064 1.0000000000000007 148.00000000000009 
72900 -5.046182750507486 0.999999999999999 147.99999999999986 
73000 -4.924627301304024 0.9999999999999994 147.99999999999991 
73100 -4.865655995246847 0.9999999999999997 147.99999999999994 
73200 -5.008331256621148 1.0 148.0 
73300 -4.82938681796233 1.0000000000000007 148.00000000000009 
73400 -4.9337500853238465 0.9999999999999998 147.99999999999997 
73500 -4.919851740928409 0.9999999999999994 147.99999999999991 
73600 -4.819084052349107 1.0000000000000009 148.00000000000014 
73700 -4.792533728875695 0.9999999999999997 147.99999999999994 
73800 -4.809787345737706 0.9999999999999998 147.99999999999997 
73900 -4.847015422023848 1.0000000000000004 148.00000000000006 
74000 -4.805438470625402 0.9999999999999998 147.99999999999997 
74100 -4.965193575682233 1.0000000000000007 148.0000000000001 
74200 -4.883804109240557 1.0000000000000007 148.0000000000001 
74300 -4.896561566405984 1.0000000000000004 148.00000000000006 
74400 -4.859197656056351 1.0000000000000007 148.0000000000001 
74500 -4.982717295805335 1.0000000000000004 148.00000000000006 
74600 -5.041896296219488 0.9999999999999997 147.99999999999994 
74700 -4.884345832476935 0.9999999999999992 147.9999999999999 
74800 -4.861004296099085 1.0000000000000002 148.00000000000003 
74900 -4.924114293445727 1.0 148.0 
75000 -4.905744709668613 1.0000000000000004 148.00000000000006 
75100 -4.900729322949724 0.9999999999999992 147.9999999999999 
75200 -4.776058644726962 0.9999999999999997 147.99999999999994 
75300 -4.865205878352158 1.0000000000000007 148.0000000000001 
75400 -4.724232886171332 0.9999999999999981 147.99999999999972 
75500 -4.9227877199789445 1.0 148.0 
75600 -4.710695485414796 1.000000000000001 148.00000000000017 
75700 -4.769697870790631 0.9999999999999992 147.9999999999999 
75800 -4.9364871525113045 1.0000000000000007 148.0000000000001 
75900 -4.889753502102341 1.000000000000001 148.00000000000017 
76000 -4.93388051147557 1.0000000000000002 148.00000000000003 
76100 -5.123645005973848 0.9999999999999989 147.99999999999983 
76200 -4.843613410967296 1.0000000000000002 148.00000000000003 
76300 -4.9430672410033925 1.0000000000000004 148.00000000000006 
76400 -4.730666019411629 1.0 148.0 
76500 -4.89973729146657 0.9999999999999981 147.99999999999972 
76600 -4.961622902857561 1.0 148.0 
76700 -4.944501645555692 1.0000000000000004 148.00000000000006 
76800 -4.7049311527124615 1.0000000000000004 148.00000000000006 
76900 -4.825692139258913 0.9999999999999992 147.9999999999999 
77000 -4.789376911778295 1.0000000000000002 148.00000000000003 
77100 -4.821109455302055 0.9999999999999992 147.9999999999999 
77200 -4.880415631383128 1.0000000000000007 148.0000000000001 
77300 -4.716169166855324 0.9999999999999994 147.99999999999991 
77400 -4.867018107558788 0.9999999999999992 147.9999999999999 
77500 -4.938048631408423 1.0000000000000002 148.00000000000003 
77600 -4.751426187170315 0.9999999999999987 147.9999999999998 
77700 -4.885762010698308 1.0000000000000018 148.00000000000026 
77800 -4.8695290586755755 0.9999999999999998 147.99999999999997 
77900 -4.853342934882968 0.9999999999999992 147.9999999999999 
78000 -4.992900371903005 1.0 148.0 
78100 -4.948756609236163 1.0000000000000007 148.0000000000001 
78200 -4.8764039384050895 0.9999999999999994 147.99999999999991 
78300 -4.990672639375668 0.9999999999999997 147.99999999999994 
78400 -4.915877694214881 1.0000000000000002 148.00000000000003 
78500 -4.735818238585124 1.0000000000000002 148.00000000000003 
78600 -5.013589735766024 1.0000000000000004 148.00000000000006 
78700 -4.859273310006292 1.0000000000000002 148.00000000000003 
78800 -4.904273559332691 1.0000000000000018 148.00000000000026 
78900 -4.9070602598616 0.9999999999999997 147.99999999999994 
79000 -4.806631733730074 0.9999999999999992 147.9999999999999 
79100 -4.781378886019638 1.0000000000000007 148.0000000000001 
79200 -4.77918596081194 0.9999999999999998 147.99999999999997 
79300 -5.060055232101122 0.9999999999999997 147.99999999999994 
79400 -4.8328954167152975 1.0000000000000009 148.00000000000014 
79500 -4.806553947939708 0.9999999999999992 147.9999999999999 
79600 -4.891514859690445 1.000000000000001 148.00000000000017 
79700 -4.758633714496834 1.0000000000000009 148.00000000000014 
79800 -4.822177525993028 0.9999999999999994 147.99999999999991 
79900 -4.989879501412452 0.9999999999999984 147.99999999999977 
80000 -5.027599452069479 0.9999999999999997 147.99999999999994 
80100 -4.740676061726801 1.0000000000000002 148.00000000000003 
80200 -4.802875209628956 1.0000000000000009 148.00000000000014 
80300 -4.63013799281265 0.9999999999999992 147.9999999999999 
80400 -4.859710109526858 0.999999999999999 147.99999999999986 
80500 -4.89125320897405 1.0 148.0 
80600 -4.918882676874059 1.0000000000000002 148.00000000000003 
80700 -5.010155718515609 1.0000000000000004 148.00000000000006 
80800 -4.949284881777523 1.0000000000000004 148.00000000000006 
80900 -4.795716523517836 1.0000000000000004 148.00000000000006 
81000 -4.897806865083023 0.9999999999999992 147.9999999999999 
81100 -4.720986967040784 1.0000000000000002 148.00000000000003 
81200 -4.831619324814978 1.0 148.0 
81300 -4.877664952522738 0.9999999999999994 147.99999999999991 
81400 -4.929904561222303 1.0 148.0 
81500 -5.004529182216846 0.9999999999999994 147.99999999999991 
81600 -4.768409698994267 0.999999999999999 147.99999999999986 
81700 -4.8475721361101884 0.999999999999999 147.99999999999986 
81800 -4.799090980200096 0.9999999999999994 147.99999999999991 
81900 -5.000541907584009 0.9999999999999997 147.99999999999994 
82000 -4.649535222254845 0.999999999999999 147.99999999999986 
82100 -4.997123081463913 1.0 148.0 
82200 -4.858984310772637 1.0000000000000002 148.00000000000003 
82300 -4.932719313929649 0.9999999999999994 147.99999999999991 
82400 -4.889064287431425 0.9999999999999987 147.9999999999998 
82500 -4.846799080111469 1.0000000000000004 148.00000000000006 
82600 -4.8029602040866894 1.0 148.0 
82700 -4.8561047024857 0.999999999999999 147.99999999999986 
82800 -4.885210266303727 1.0 148.0 
82900 -4.9197328474471425 0.9999999999999992 147.9999999999999 
83000 -4.911647781410207 0.9999999999999994 147.99999999999991 
83100 -4.780121617856749 1.0 148.0 
83200 -4.647398781106301 0.9999999999999997 147.99999999999994 
83300 -5.014563379420633 1.0000000000000009 148.00000000000014 
83400 -5.001883651197247 0.9999999999999994 147.99999999999991 
83500 -4.850867462289885 1.0 148.0 
83600 -4.799604366827368 1.0000000000000004 148.00000000000006 
83700 -4.743547859510091 1.0000000000000013 148.0000000000002 
83800 -4.877095314341621 1.0000000000000007 148.00000000000009 
83900 -4.826040316629182 0.9999999999999997 147.99999999999994 
84000 -4.907377692884214 1.0000000000000009 148.00000000000014 
84100 -4.705419852499055 1.0 148.0 
84200 -4.884834779929936 0.9999999999999992 147.9999999999999 
84300 -4.95644204769051 1.0000000000000007 148.00000000000009 
84400 -4.950009566287892 1.0000000000000007 148.0000000000001 
84500 -4.894236871080934 1.000000000000001 148.00000000000017 
84600 -4.877271053801521 0.9999999999999997 147.99999999999994 
84700 -4.848555084817329 1.0000000000000007 148.0000000000001 
84800 -4.806524406720496 0.9999999999999994 147.99999999999991 
84900 -4.878509977698118 1.0000000000000007 148.00000000000009 
85000 -4.80859867845268 0.9999999999999994 147.99999999999991 
85100 -4.955936003053796 1.0000000000000007 148.0000000000001 
85200 -4.928102339572772 0.9999999999999998 147.99999999999997 
85300 -4.740382236261473 1.0000000000000007 148.0000000000001 
85400 -4.966699785176246 0.9999999999999992 147.9999999999999 
85500 -4.978289708239524 0.9999999999999994 147.99999999999991 
85600 -4.7962820093285 0.9999999999999994 147.99999999999991 
85700 -5.023854664862904 1.0000000000000013 148.0000000000002 
85800 -4.833650682531829 1.0000000000000007 148.00000000000009 
85900 -4.884005774846647 1.0000000000000002 148.00000000000003 
86000 -4.986400719113859 1.0000000000000002 148.00000000000003 
86100 -4.8235887898950764 0.9999999999999998 147.99999999999997 
86200 -4.840663580274099 0.9999999999999992 147.9999999999999 
86300 -4.859743490018568 0.9999999999999992 147.9999999999999 
86400 -5.041090443803448 0.999999999999999 147.99999999999986 
86500 -4.792191251830045 0.9999999999999998 147.99999999999997 
86600 -4.773666846532061 1.0000000000000007 148.00000000000009 
86700 -4.979831726060402 0.999999999999999 147.99999999999986 
86800 -4.869373216474455 0.9999999999999997 147.99999999999994 
86900 -4.7093555355940575 0.9999999999999997 147.99999999999994 
87000 -4.9026350469445745 0.9999999999999998 147.99999999999997 
87100 -5.0268849306747 1.0 148.0 
87200 -4.966139086296383 1.0000000000000007 148.0000000000001 
87300 -4.704394149244475 0.9999999999999998 147.99999999999997 
87400 -4.719123904036096 0.9999999999999998 147.99999999999997 
87500 -4.767800156225996 0.9999999999999997 147.99999999999994 
87600 -4.941273119046559 1.0000000000000002 148.00000000000003 
87700 -4.96568840227991 1.0000000000000007 148.0000000000001 
87800 -5.003572224845815 1.0000000000000007 148.00000000000009 
87900 -4.929050372399651 1.0000000000000009 148.00000000000014 
88000 -4.959064368471972 1.0000000000000007 148.0000000000001 
88100 -4.7808629452185185 0.9999999999999997 147.99999999999994 
88200 -4.959949219152035 0.9999999999999984 147.99999999999977 
88300 -4.660837718215898 1.0 148.0 
88400 -4.838909942063349 0.9999999999999984 147.99999999999977 
88500 -4.9068809760976855 0.9999999999999989 147.99999999999983 
88600 -4.825556773658135 1.0000000000000007 148.0000000000001 
88700 -4.896014105845546 1.0 148.0 
88800 -4.907439356211093 0.9999999999999987 147.9999999999998 
88900 -4.890128975277294 0.9999999999999994 147.99999999999991 
89000 -4.900973724885675 1.0000000000000007 148.0000000000001 
89100 -4.922782099827871 0.9999999999999987 147.9999999999998 
89200 -4.8879034902589265 0.9999999999999997 147.99999999999994 
89300 -4.903507895981692 0.9999999999999997 147.99999999999994 
89400 -4.958807802703019 0.9999999999999998 147.99999999999997 
89500 -4.862550607322235 1.0000000000000007 148.0000000000001 
89600 -4.935115355316467 0.9999999999999994 147.99999999999991 
89700 -4.8463370270454025 1.0000000000000004 148.00000000000006 
89800 -4.98351797428512 0.9999999999999994 147.99999999999991 
89900 -4.643357109188879 0.9999999999999998 147.99999999999997 
90000 -4.792115729086245 1.0000000000000004 148.00000000000006 
90100 -4.944625169419638 0.9999999999999998 147.99999999999997 
90200 -4.8354526553067965 1.0 148.0 
90300 -4.861809074045824 1.0000000000000004 148.00000000000006 
90400 -4.914065419849128 0.9999999999999992 147.9999999999999 
90500 -4.897575128010448 1.0000000000000002 148.00000000000003 
90600 -4.981607928431663 1.0000000000000002 148.00000000000003 
90700 -4.947793255633347 1.0000000000000002 148.00000000000003 
90800 -4.7316125424475555 0.999999999999999 147.99999999999986 
90900 -4.904832934728889 0.9999999999999994 147.99999999999991 
91000 -4.778682914439802 1.0000000000000007 148.00000000000009 
91100 -4.7838662500382 0.9999999999999997 147.99999999999994 
91200 -4.873697768101688 0.9999999999999994 147.99999999999991 
91300 -4.921798713318006 0.9999999999999998 147.99999999999997 
91400 -4.94593750049366 1.0000000000000002 148.00000000000003 
91500 -4.96378018510635 0.9999999999999994 147.99999999999991 
91600 -5.159802093779696 0.9999999999999994 147.99999999999991 
91700 -4.90766340688929 1.0 148.0 
91800 -5.038360174215998 0.9999999999999989 147.99999999999983 
91900 -4.737306364337672 0.9999999999999982 147.99999999999974 
92000 -4.874612551946557 0.9999999999999998 147.99999999999997 
92100 -4.849026132374812 1.0000000000000013 148.0000000000002 
92200 -4.766436650653523 1.0000000000000002 148.00000000000003 
92300 -4.937428729145474 1.0 148.0 
92400 -4.974341864526598 0.9999999999999987 147.9999999999998 
92500 -4.882213669579699 1.0000000000000013 148.0000000000002 
92600 -4.804959561674362 1.0 148.0 
92700 -4.959140158375548 0.9999999999999998 147.99999999999997 
92800 -4.807609863651569 1.0000000000000007 148.00000000000009 
92900 -4.913664772443105 0.9999999999999994 147.99999999999991 
93000 -4.871791361392788 0.9999999999999992 147.9999999999999 
93100 -4.820627379075042 1.000000000000001 148.00000000000017 
93200 -4.8824814360401385 0.9999999999999994 147.99999999999991 
93300 -4.774621654589864 1.0000000000000007 148.0000000000001 
93400 -4.916102638573523 1.0000000000000004 148.00000000000006 
93500 -4.866913113220443 1.0000000000000007 148.0000000000001 
93600 -4.941742581035954 0.999999999999999 147.99999999999986 
93700 -4.861767676278805 0.9999999999999998 147.99999999999997 
93800 -4.846387691113814 0.9999999999999997 147.99999999999994 
93900 -4.975407310703235 0.999999999999999 147.99999999999986 
94000 -4.687991639785905 1.0 148.0 
94100 -4.830302786037335 1.0000000000000002 148.00000000000003 
94200 -4.816334621712554 1.0 148.0 
94300 -4.877502268259402 1.0000000000000004 148.00000000000006 
94400 -4.954227073453989 0.9999999999999982 147.99999999999974 
94500 -4.833500388848178 0.9999999999999987 147.9999999999998 
94600 -4.888599006378589 1.0000000000000009 148.00000000000014 
94700 -4.827827323566217 1.0000000000000004 148.00000000000006 
94800 -4.820637171227216 1.0000000000000004 148.00000000000006 
94900 -4.820549760179998 0.9999999999999994 147.99999999999991 
95000 -4.833305643489868 1.0000000000000007 148.00000000000009 
95100 -4.670280695941564 1.0 148.0 
95200 -4.990660352668672 1.0000000000000004 148.00000000000006 
95300 -4.884535578997074 1.0000000000000007 148.00000000000009 
95400 -4.876299437568118 1.000000000000001 148.00000000000017 
95500 -4.784400148092952 1.0000000000000002 148.00000000000003 
95600 -4.789680132529048 1.0000000000000007 148.0000000000001 
95700 -4.850202046039453 0.999999999999999 147.99999999999986 
95800 -4.782126661850737 0.9999999999999998 147.99999999999997 
95900 -4.867262195861452 0.9999999999999992 147.9999999999999 
96000 -4.849695724948372 0.9999999999999998 147.99999999999997 
96100 -4.982223394030408 1.0000000000000002 148.00000000000003 
96200 -4.891252881188942 1.0000000000000002 148.00000000000003 
96300 -4.904209587421966 1.0000000000000007 148.00000000000009 
96400 -4.881050735725268 0.9999999999999987 147.9999999999998 
96500 -5.0599378529267725 1.0000000000000004 148.00000000000006 
96600 -5.001787889955068 1.000000000000001 148.00000000000017 
96700 -4.711732290469203 0.9999999999999997 147.99999999999994 
96800 -4.887649886043301 1.0000000000000007 148.0000000000001 
96900 -4.773945150080254 0.9999999999999992 147.9999999999999 
97000 -4.895467965986467 1.0000000000000004 148.00000000000006 
97100 -4.804662015842574 1.0 148.0 
97200 -4.926078088078565 1.0000000000000004 148.00000000000006 
97300 -4.862384833779444 1.0000000000000004 148.00000000000006 
97400 -4.735284823652938 0.9999999999999987 147.9999999999998 
97500 -4.99105459966602 0.9999999999999992 147.9999999999999 
97600 -4.827899475340909 0.9999999999999992 147.9999999999999 
97700 -4.786875831475574 0.9999999999999994 147.99999999999991 
97800 -4.795916285840869 1.0 148.0 
97900 -4.8223501696548645 1.0000000000000007 148.00000000000009 
98000 -4.883335548933413 1.0000000000000007 148.0000000000001 
98100 -4.783522774528302 0.9999999999999994 147.99999999999991 
98200 -4.669416691108628 0.9999999999999992 147.9999999999999 
98300 -4.9068725940520554 1.0000000000000007 148.0000000000001 
98400 -4.8340526741334156 1.0 148.0 
98500 -4.70734346064463 0.9999999999999994 147.99999999999991 
98600 -4.869528541516119 0.9999999999999987 147.9999999999998 
98700 -4.712530661055811 1.0000000000000007 148.00000000000009 
98800 -4.874526772984858 1.0 148.0 
98900 -4.8323674249475195 0.9999999999999984 147.99999999999977 
99000 -4.860451077011061 0.999999999999999 147.99999999999986 
99100 -4.778597999705549 1.0000000000000002 148.00000000000003 
99200 -4.729840566639228 0.9999999999999989 147.99999999999983 
99300 -4.803551907008561 1.0000000000000007 148.0000000000001 
99400 -4.829122681027293 1.0000000000000002 148.00000000000003 
99500 -4.936653252036703 1.0000000000000002 148.00000000000003 
99600 -4.87643305017658 1.0 148.0 
99700 -4.872812205679522 1.0 148.0 
99800 -4.836629856010759 0.9999999999999994 147.99999999999991 
99900 -4.930629394571372 0.9999999999999998 147.99999999999997 
