# istep   pe  t_kin   ke
0 872.2848241510425 3.6477938909022436 539.8734958535321 
100 2.359425745154792 2.697347534025282 399.2074350357417 
200 5.255273479298887 2.697023183023363 399.1594310874577 
300 1.6015277334083873 2.6959209410935743 398.99629928184896 
400 1.7223556957264599 2.6969045813831998 399.14187804471356 
500 2.0698723015019693 2.6962057143373945 399.0384457219344 
600 3.1717527599038515 2.696920420688575 399.1442222619091 
700 2.9919284698131694 2.6964419793800216 399.07341294824323 
800 3.7228319448388243 2.6962046898967427 399.0382941047179 
900 3.787848285673463 2.69694492577759 399.1478490150833 
1000 2.7734194438556043 2.696135227901072 399.0280137293587 
1100 1.202483768383643 2.696049018895883 399.0152547965907 
1200 1.4948237663647301 2.69621241112536 399.03943684655326 
1300 -0.6392900503979426 2.696187219190248 399.03570844015667 
1400 0.9495379258780297 2.6959965868924622 399.0074948600844 
1500 2.191035156668783 2.6964393820476995 399.07302854305954 
1600 2.75676015531701 2.695472751423391 398.9299672106619 
1700 2.47754813094212 2.696233587670228 399.0425709751937 
1800 2.148765754266485 2.6966493034980927 399.1040969177177 
1900 1.0315190924727835 2.696283848830696 399.05000962694305 
2000 -0.43730553339690026 2.695682869834019 398.96106473543483 
2100 0.9906448326119621 2.695450701305683 398.9267037932411 
2200 2.0806446350676673 2.6958534349118892 398.9863083669596 
2300 -0.9478973155864967 2.6959962794766383 399.0074493625425 
2400 0.5600506487751478 2.695798213941958 398.9781356634098 
2500 1.3509089281348539 2.695929309298009 398.99753777610533 
2600 0.8648291613305261 2.695253074212312 398.89745498342216 
2700 -2.1846523489763507 2.6949223459096485 398.848507194628 
2800 1.2082480412547305 2.6951773596507547 398.88624922831167 
2900 -1.8168415854514284 2.695746277661043 398.97044909383436 
3000 1.3344459980347443 2.6958672472289082 398.98835258987845 
3100 -0.8490307876778074 2.695619307685099 398.9516575373946 
3200 3.3623775489178023 2.696002047481938 399.0083030273268 
3300 0.977960792668128 2.6951372124131896 398.88030743715206 
3400 0.6333435973086399 2.6950667266522683 398.8698755445357 
3500 0.08243749906467368 2.695107133396261 398.8758557426466 
3600 1.5072581925142066 2.6949822313961604 398.8573702466318 
3700 0.8887604643557108 2.6949874286001685 398.85813943282494 
3800 -0.45785483575805497 2.69427915023477 398.7533142347459 
3900 -0.5313782649094811 2.6950865387957887 398.87280774177674 
4000 0.4972464782209238 2.694821968127319 398.83365128284316 
4100 0.014336979124900395 2.69474421216107 398.82214339983835 
4200 -0.347682574855523 2.6950062188223423 398.86092038570666 
4300 -0.44599122192393637 2.694576360173985 398.7973013057498 
4400 1.9311497246721423 2.694198769337685 398.7414178619774 
4500 -0.8130974879361847 2.694576074493821 398.7972590250855 
4600 0.44974427407386575 2.6954071959214922 398.92026499638087 
4700 -0.5236310390186567 2.6946684953556894 398.810937312642 
4800 1.9373070212835275 2.694928678356986 398.8494443968339 
4900 1.866573337522638 2.6951700783227035 398.8851715917601 
5000 -0.5486292497900562 2.694388741746421 398.76953377847036 
5100 -0.016100427216648505 2.6951392131631615 398.8806035481479 
5200 1.1647930289650414 2.695930293488401 398.9976834362833 
5300 2.2951812015982185 2.6958883338139104 398.9914734044587 
5400 1.2632574206549956 2.695240532077726 398.89559874750347 
5500 1.3330118262760928 2.6951810140542105 398.88679008002316 
5600 0.6859166547581994 2.695832833921501 398.9832594203821 
5700 -0.3598891805721154 2.6950967438097475 398.87431808384264 
5800 0.010135548706034392 2.694806359833118 398.8313412553014 
5900 1.670579509258233 2.6954034289509106 398.9197074847348 
6000 -0.9424351860115472 2.6950974161758237 398.8744175940219 
6100 1.721668247172878 2.695873307186108 398.98924946354396 
6200 0.6050259942462439 2.6956342669043423 398.9538715018426 
6300 1.244269860945245 2.69575096810057 398.9711432788843 
6400 1.4120761996135638 2.6957148210245543 398.96579351163405 
6500 1.0702088191031844 2.695899403873986 398.99311177334994 
6600 4.720452479500154 2.695835359420406 398.9836331942201 
6700 -0.4668121118779984 2.6956931112035667 398.9625804581279 
6800 5.023309580270326 2.695907545007549 398.99431666111724 
6900 1.6944490520656679 2.696021958364056 399.0112498378803 
7000 2.343477288436704 2.6960195166651415 399.0108884664409 
7100 1.3333192072139708 2.6958416600108372 398.9845656816039 
7200 -0.32227360868175925 2.6957256561606378 398.9673971117744 
7300 3.364068465239675 2.6961263829707773 399.02670467967505 
7400 0.8683728085303644 2.6967686803874447 399.1217646973418 
7500 2.799853528219727 2.6957116116346183 398.9653185219235 
7600 0.8114393961995878 2.6956704082089322 398.95922041492196 
7700 2.202411097415575 2.6955332292794627 398.9389179333605 
7800 -0.41184351173357836 2.696343431996504 399.0588279354826 
7900 4.377773040088992 2.6963172641238904 399.0549550903358 
8000 -0.6035686894453312 2.695478697525747 398.93084723381054 
8100 0.16088454720280332 2.6958764748594235 398.9897182791947 
8200 2.486906265033885 2.6959960590211223 399.0074167351261 
8300 3.9119861548665567 2.6963909760624145 399.06586445723735 
8400 2.7891390145969703 2.6959772535289974 399.0046335222916 
8500 2.602863247409437 2.695496273061528 398.93344841310613 
8600 -1.8701824709625692 2.695048911507465 398.8672389031048 
8700 0.9000394335443218 2.6952931305922094 398.903383327647 
8800 -1.1202683532259874 2.695205336546773 398.89038980892246 
8900 2.6620458375265175 2.6956951028181395 398.9628752170846 
9000 -1.1618821527628338 2.6959805270470647 399.00511800296556 
9100 2.1518608073073153 2.6959632097375 399.00255504115 
9200 0.9425764901904312 2.695561854270677 398.94315443206017 
9300 2.021149895032888 2.695380151115002 398.9162623650203 
9400 0.9092642379411853 2.6957357969727886 398.96889795197274 
9500 1.525152239436255 2.6959974602088566 399.0076241109108 
9600 -0.46612461587444187 2.6956230586656287 398.95221268251305 
9700 0.23260907948169152 2.695899232938518 398.9930864749007 
9800 1.932612314101256 2.6963291366223436 399.0567122201069 
9900 0.34072016754100964 2.695434790723311 398.92434902705 
10000 3.4408846169348957 2.695466177264524 398.92899423514956 
10100 1.5849267413041561 2.6954562662027475 398.92752739800665 
10200 -0.7226286625162972 2.695781134721365 398.97560793876204 
10300 0.15715923242636975 2.6952783292645526 398.9011927311538 
10400 3.6937665491424436 2.696556851153423 399.0904139707066 
10500 1.3374412547199768 2.6959826385003622 399.0054304980536 
10600 0.44154906363155 2.695286257780471 398.90236615150974 
10700 -1.6552129215385118 2.695264535709998 398.8991512850797 
10800 2.6431559290635045 2.6956102288793122 398.9503138741382 
10900 0.7922454622585633 2.6951247921653367 398.8784692404698 
11000 -0.5726267680473516 2.6958460307123318 398.9852125454251 
11100 2.3283206211939227 2.6967057798629743 399.1124554197202 
11200 -0.10097648908906454 2.696108417173489 399.02404574167633 
11300 2.134435708872873 2.6959196017142966 398.9961010537159 
11400 2.917172696689943 2.6964656234677746 399.0769122732306 
11500 0.6354257953275511 2.6956974570084986 398.9632236372578 
11600 1.517698908888872 2.6962184574749726 399.04033170629594 
11700 1.1027222357890087 2.695912225800448 398.9950094184663 
11800 0.13397247044939142 2.695089799957529 398.8732903937143 
11900 4.602799148900421 2.6957013438867747 398.9637988952427 
12000 1.6465750036818978 2.6953654839071737 398.9140916182617 
12100 2.881356370483391 2.696895101384331 399.140475004881 
12200 3.8539708609700183 2.6963851599407347 399.06500367122874 
12300 -0.28416959755149396 2.6952963338058042 398.90385740325905 
12400 -0.5031131763368188 2.6953490671834017 398.91166194314343 
12500 2.9704339727922973 2.6956455949052014 398.9555480459698 
12600 1.6750666143798698 2.696180665648487 399.0347385159761 
12700 -0.5694382546949965 2.6952515656156852 398.89723171112144 
12800 1.38748191653307 2.6958711415209455 398.98892894509993 
12900 -0.4714070177921146 2.6959094417993104 398.9945973862979 
13000 -0.18467982071922417 2.695587553073145 398.9469578548254 
13100 2.338901378944078 2.6950942995797633 398.873956337805 
13200 -0.5091272543244845 2.6953489903179375 398.9116505670548 
13300 1.1330820134104052 2.696013505860701 399.0099988673838 
13400 -0.7989121448427845 2.695759739097366 398.9724413864102 
13500 -0.8955610985893152 2.695271199375331 398.90013750754895 
13600 0.6980532639873349 2.695758318901089 398.97223119736117 
13700 0.5089053331296061 2.695546479916729 398.94087902767586 
13800 0.2203663320376794 2.6954087640945774 398.92049708599745 
13900 -2.1830306628619587 2.695479349116141 398.9309436691889 
14000 -1.404753252689467 2.696272364592911 399.04830995975084 
14100 -0.6839277808015085 2.695666538924096 398.9586477607662 
14200 -1.457785225764594 2.6953051923901783 398.9051684737464 
14300 -1.5398730135799514 2.69550873436532 398.9352926860673 
14400 -0.3193813707200466 2.694728203875726 398.81977417360747 
14500 -0.12494570737824517 2.694995848616263 398.8593855952069 
14600 0.24306917864499766 2.6958657671860977 398.98813354354246 
14700 -1.4177940157087479 2.69574421450887 398.97014374731276 
14800 2.0545808946146815 2.6964938631686195 399.08109174895566 
14900 -0.3342342697616809 2.6958765676031047 398.9897320052595 
15000 0.08805754864437443 2.695208367318964 398.8908383632067 
15100 -1.7185603000872076 2.6954743893553963 398.93020962459866 
15200 0.7488244421267645 2.6963527783927788 399.06021120213126 
15300 -1.7871059709496402 2.6949655645936077 398.85490355985394 
15400 0.028050063648183965 2.6959468329168828 399.00013127169865 
15500 0.33184812075274905 2.6954354670058622 398.9244491168676 
15600 5.4090091329750125 2.696839668077955 399.1322708755373 
15700 0.6122285877595575 2.6963898839387563 399.0657028229359 
15800 -0.25070896704541124 2.6953880126544774 398.9174258728626 
15900 0.03114824841556363 2.6957277742413877 398.9677105877254 
16000 2.097005360907821 2.6965097318153615 399.0834403086735 
16100 -0.17780537346147973 2.696220683035055 399.0406610891881 
16200 -1.7682294876949705 2.6954372255671966 398.92470938394507 
16300 2.383436762016408 2.6964930035203056 399.0809645210052 
16400 -1.1243146805822075 2.696061271373392 399.017068163262 
16500 0.4795486917161167 2.695881111418993 398.990404490011 
16600 -0.03497494188568684 2.695606114726627 398.9497049795408 
16700 1.78742674203969 2.6955542997438604 398.94203636209136 
16800 -0.9509413769284469 2.696268934367786 399.04780228643233 
16900 3.0380614752285746 2.6958262203092547 398.9822806057697 
17000 0.8554267897241195 2.695773538894948 398.97448375645234 
17100 1.5584485280628693 2.696472172156485 399.07788147915977 
17200 -0.7267526143543286 2.6960033647485933 399.0084979827918 
17300 0.8207194562749134 2.6953011932428024 398.9045765999347 
17400 1.8076329484296432 2.6958335020769195 398.9833583073841 
17500 -0.3567470144865048 2.6948420252391743 398.8366197353978 
17600 -0.6362113448657603 2.695517990402154 398.9366625795188 
17700 -2.1438134387614936 2.695409406794951 398.9205922056527 
17800 0.27677240572770945 2.6957825809049547 398.9758219739333 
17900 2.3012659270358453 2.695643413957619 398.95522526572756 
18000 2.55607645537434 2.6962096572988594 399.0390292802312 
18100 1.5022521796540271 2.6963603656734887 399.0613341196763 
18200 -1.029476415514492 2.696783925456086 399.1240209675007 
18300 -1.5792444529549314 2.6958665976266474 398.9882564487438 
18400 4.984106566768076 2.696277249013025 399.0490328539277 
18500 -1.5654803260374468 2.6957320675161744 398.96834599239384 
18600 -0.07836320403104757 2.6954738869514347 398.93013526881236 
18700 1.2071883858931889 2.6959875511443907 399.0061575693698 
18800 0.2851236411565088 2.6962900678861517 399.0509300471505 
18900 3.314689227407774 2.6966092685819705 399.0981717501316 
19000 -0.6119764819275222 2.6957422888985123 398.9698587569798 
19100 0.13292248275411378 2.697482826003676 399.22745824854405 
19200 2.222727830443702 2.695773819812615 398.97452533226704 
19300 0.10522590669502385 2.6951112778756845 398.8764691256013 
19400 0.08425915543747298 2.6953849741343823 398.91697617188856 
19500 0.8296200958530955 2.6960563753681956 399.01634355449295 
19600 0.646063788941114 2.696142132418455 399.02903559793134 
19700 -0.08229256422125086 2.6956096085013783 398.95022205820396 
19800 3.612442277465849 2.6981992696705093 399.33349191123534 
19900 1.067315136397477 2.695998972893311 399.0078479882101 
20000 -1.8619441611754572 2.694597388102308 398.80041343914155 
20100 4.837829719487584 2.695442960949309 398.92555822049775 
20200 4.338831295243432 2.6956290640168747 398.95310147449743 
20300 1.3205099013348063 2.6954503839041535 398.9266568178147 
20400 1.6565196652426897 2.695889218743584 398.99160437405044 
20500 0.21690283270541677 2.6953197116342698 398.9073173218719 
20600 0.5718278804694421 2.695574993345674 398.9450990151597 
20700 1.4168108582037773 2.6956495424694418 398.9561322854774 
20800 2.7820072233437045 2.695479331819448 398.9309411092783 
20900 3.6363475678285475 2.695285410436331 398.90224074457694 
21000 -0.10960825436135924 2.694993810649492 398.85908397612485 
21100 -0.16037501465644954 2.695582516475212 398.9462124383314 
21200 1.0047338354809545 2.695020363680304 398.86301382468497 
21300 -0.6904735373026796 2.6953502263279896 398.91183349654244 
21400 -0.30099955275107604 2.6970221278499813 399.15927492179725 
21500 1.275774253152826 2.695558898798403 398.94271702216366 
21600 2.531837667359053 2.6959680134979407 399.0032659976952 
21700 3.9189154121913274 2.6952153597303674 398.89187324009436 
21800 -0.7924766349851033 2.6956467389631786 398.95571736655046 
21900 -0.2164181294843086 2.6962667353233027 399.0474768278488 
22000 -0.6962991994370515 2.6949516661760256 398.8528465940518 
22100 -0.31921517500052854 2.695480545571997 398.9311207446555 
22200 1.4716926579762664 2.696378847361787 399.0640694095445 
22300 -1.4126004037246176 2.6943081618029154 398.75760794683146 
22400 0.46072197975971285 2.6954716487500763 398.9298040150113 
22500 1.6963656808073866 2.6941757422808372 398.7380098575639 
22600 0.03368612972483298 2.6954776515420287 398.93069242822025 
22700 -0.9355242177674743 2.6955493797991865 398.9413082102796 
22800 3.7838252270531374 2.694637394712314 398.8063344174225 
22900 -1.7382532765686642 2.6948181202388235 398.8330817953459 
23000 2.5751830713037593 2.695429088704856 398.9235051283187 
23100 -1.1664456482293541 2.6951306561585766 398.87933711146934 
23200 2.828337305742571 2.6956958031402585 398.96297886475827 
23300 1.1276670086053606 2.6952948626146864 398.90363966697356 
23400 -1.2700311456303295 2.6954816927564083 398.9312905279484 
23500 0.776496755976841 2.695296341718792 398.90385857438116 
23600 -1.249129167595946 2.695381219029072 398.9164204163026 
23700 -0.5398484984695493 2.69487501962769 398.8415029048981 
23800 -0.38536551159467347 2.694476989988833 398.78259451834725 
23900 2.1592063178548315 2.69527032283242 398.9000077791982 
24000 -1.9031501680154914 2.694302642863478 398.75679114379477 
24100 -1.2978633031412121 2.6953996359350136 398.919146118382 
24200 4.107333425081799 2.695206342629831 398.890538709215 
24300 -0.91852092346637 2.693646709327968 398.65971298053927 
24400 0.8523296942584011 2.694443168501845 398.7775889382731 
24500 1.8915599566369439 2.6951687048897153 398.88496832367787 
24600 0.9491621905314993 2.6942405104017033 398.7475955394521 
24700 -0.14199019284497716 2.6939626783075816 398.7064763895221 
24800 -0.6015632576498406 2.6939979044972806 398.7116898655975 
24900 0.9786802458182775 2.6957240257357085 398.96715580888485 
25000 -2.22705584789988 2.694217810778308 398.7442359951896 
25100 1.1436503799891211 2.6941929661000295 398.7405589828044 
25200 -0.44617762066815114 2.69501469435534 398.8621747645903 
25300 -0.7794054303326092 2.694787684794849 398.82857734963767 
25400 -0.5035896560245394 2.6953450272983464 398.9110640401553 
25500 1.177948995821433 2.694996508933926 398.859483322221 
25600 -1.1452218965741823 2.695467887932199 398.92924741396547 
25700 -1.2676113841484593 2.6949089904796333 398.8465305909857 
25800 0.9491170515301279 2.694487863583615 398.784203810375 
25900 0.7644846445173101 2.6948494955073543 398.83772533508846 
26000 1.9282950306110633 2.695268991967478 398.89981081118674 
26100 -0.16299942186289318 2.694338084319357 398.76203647926485 
26200 0.6429251970427332 2.694465805592765 398.7809392277292 
26300 -1.100216003743336 2.693867228587684 398.6923498309772 
26400 -1.326990112775686 2.694712322944485 398.8174237957838 
26500 1.8088133818774246 2.6957539056867117 398.97157804163334 
26600 0.6241348501111093 2.6953071727082576 398.9054615608221 
26700 -0.48881256214537405 2.694664420461824 398.8103342283499 
26800 0.10583805913645428 2.69613971664256 399.0286780630989 
26900 2.6740885730038846 2.694846355834425 398.83726066349493 
27000 -2.7591118293474106 2.6942664873955935 398.7514401345478 
27100 0.8058317160751907 2.6957357644621127 398.9688931403927 
27200 -1.004559183067892 2.694912398203863 398.84703493417175 
27300 2.3577474038647734 2.6954398556512875 398.92509863639054 
27400 2.219051670370675 2.6950602789138527 398.86892127925023 
27500 -1.6659700383955967 2.695682127901777 398.96095492946296 
27600 3.7363000598937397 2.695054906272908 398.8681261283904 
27700 -0.8738797537517407 2.695082978278318 398.8722807851911 
27800 0.6308349291393975 2.6951193449586843 398.87766305388527 
27900 -0.036307014698040874 2.694498853954046 398.7858303851988 
28000 0.6710072614082145 2.6955366099127755 398.9394182670908 
28100 -0.9051899243967698 2.6949174758341545 398.84778642345486 
28200 2.0110335678559084 2.6951086263097848 398.8760766938481 
28300 -0.035223601022800644 2.69496930988403 398.85545786283643 
28400 -0.020115378889053126 2.69439474138862 398.77042172551575 
28500 0.42967752268550896 2.6953425773383484 398.91070144607556 
28600 -0.4561952252088117 2.694993820362385 398.85908541363295 
28700 2.51910942118281 2.6956066858764003 398.9497895097073 
28800 1.5494139429937865 2.695381017603803 398.9163906053629 
28900 -0.8142307508089885 2.6948824482949436 398.8426023476517 
29000 -0.5172975559995674 2.6952385639095113 398.89530745860765 
29100 2.83789212650092 2.695431823370626 398.92390985885265 
29200 0.5978554942235723 2.6949789609671906 398.8568862231442 
29300 0.1500665369782883 2.695441304031999 398.92531299673584 
29400 -0.37540148789737593 2.6951609017824567 398.88381346380356 
29500 -0.32606712722521536 2.695302989070554 398.90484238244204 
29600 -0.18316057494912474 2.6947515089483405 398.8232233243544 
29700 -1.2616748314398034 2.6951037446051487 398.875354201562 
29800 -0.8377303976663963 2.695239555517185 398.8954542165434 
29900 -1.4898742236899318 2.6949745486629135 398.8562332021112 
30000 -0.9693568337490328 2.6963308686049094 399.0569685535266 
30100 0.18992977464550265 2.6952603001001676 398.8985244148248 
30200 0.8233616401436832 2.6955831407593247 398.94630483238006 
30300 -0.6336459061519717 2.6956535198015175 398.95672093062456 
30400 4.21086538825253 2.6959856865338607 399.0058816070114 
30500 -0.8151204647823702 2.695473200151473 398.930033622418 
30600 3.170139329452728 2.695855583406839 398.9866263442122 
30700 -1.1976372107374953 2.6959882631208743 399.0062629418894 
30800 -1.052422302575735 2.6955275788665927 398.9380816722557 
30900 -2.370303087343144 2.6948796275466953 398.8421848769109 
31000 2.056518784248701 2.695707737812099 398.9647451961907 
31100 -0.7400580619515207 2.6956246006264193 398.95244089271006 
31200 -0.4574509904066808 2.6957849604046635 398.9761741398902 
31300 0.1300122238237451 2.696666460429138 399.10663614351245 
31400 -1.5143683218509336 2.6955466510716595 398.9409043586056 
31500 0.07573403753989982 2.695854257326535 398.98643008432714 
31600 -1.6086552677611694 2.6964461132765636 399.07402476493144 
31700 0.2821647274958927 2.6971431998278024 399.1771935745148 
31800 -1.642077673191273 2.6954592329219658 398.9279664724509 
31900 1.4644490700870358 2.6960905061731535 399.0213949136267 
32000 -1.8295762703997118 2.695320774156756 398.9074745751999 
32100 -0.10287127987335154 2.6961810260208185 399.03479185108114 
32200 -0.032554433304648356 2.6961174121738023 399.02537700172275 
32300 -0.6591526864440151 2.6963049520954803 399.05313291013107 
32400 -1.472996602852957 2.6955209183286186 398.9370959126356 
32500 -1.529951014846886 2.695821737203324 398.98161710609196 
32600 1.0566378633166114 2.696071893585871 399.01864025070887 
32700 -1.1714205118415046 2.69696083503392 399.15020358502017 
32800 -0.3402496244767841 2.696554535520912 399.09007125709496 
32900 -0.5624892155887808 2.695954222512601 399.00122493186495 
33000 0.3901559472333007 2.6954888583636625 398.93235103782206 
33100 -1.1159042056989046 2.695969686404723 399.003513587899 
33200 0.13647562299854243 2.6957165968526677 398.96605633419483 
33300 4.037916056319872 2.6957603145647253 398.97252655557935 
33400 2.1870449055400227 2.6959600475203684 399.00208703301456 
33500 -0.8061934027195985 2.695878121296566 398.98996195189176 
33600 2.9539935709523784 2.6957682055727017 398.97369442475986 
33700 -0.687745463620872 2.6954709449817056 398.9296998572924 
33800 -0.9671846648033409 2.69687104366695 399.1369144627086 
33900 1.0278367286635133 2.695984101078374 399.00564695959935 
34000 -1.2980281837815122 2.6961986579778294 399.03740138071873 
34100 -1.1298370741012969 2.696243879145642 399.044094113555 
34200 2.283794885456934 2.6963225827359345 399.0557422449183 
34300 1.065074482769739 2.6960354875207417 399.0132521530698 
34400 2.6019044524672754 2.696892781157102 399.14013161125115 
34500 -1.6258090762483688 2.6967966041370524 399.12589741228373 
34600 1.6027129724022142 2.696003951621692 399.00858484001037 
34700 2.8137675365675063 2.6968459259815565 399.1331970452704 
34800 0.7546318200504576 2.6963594027916713 399.06119161316735 
34900 -0.9354592840465985 2.696889454408769 399.13963925249783 
35000 -0.22122251771161316 2.6964087548530813 399.06849571825603 
35100 1.8847936269946866 2.6964858292070937 399.0799027226499 
35200 0.43812844889585456 2.696196100317215 399.0370228469478 
35300 4.366638510895135 2.6962274887013065 399.0416683277934 
35400 -0.7556954050238325 2.6959316813003076 398.99788883244554 
35500 0.7856838258507333 2.69529489384397 398.90364428890757 
35600 -1.3805802271347671 2.6956196711989766 398.95171133744856 
35700 -1.3507100678189623 2.6950794517813863 398.8717588636452 
35800 3.427094854514161 2.695916208468303 398.9955988533088 
35900 -0.43378763196463144 2.6956738526786665 398.95973019644265 
36000 0.006697677153999493 2.6958799604734485 398.99023415007036 
36100 -1.4665172564871192 2.6953897221441196 398.9176788773297 
36200 3.423076982544365 2.695310761944878 398.90599276784195 
36300 1.298480678305542 2.695021648845696 398.863204029163 
36400 4.022149587606982 2.6950287816436678 398.86425968326284 
36500 0.04002380499762204 2.695590026227426 398.9473238816591 
36600 0.39198751397460807 2.6960778799841933 399.0195262376606 
36700 -0.37372303299445875 2.6959962448997423 399.0074442451619 
36800 -0.6876925542355075 2.6966859687028375 399.10952336801995 
36900 -1.1303791989117613 2.6953177102818584 398.90702112171505 
37000 0.3063148216975362 2.696552815739035 399.0898167293772 
37100 0.9309794763601227 2.6961353543298263 399.0280324408143 
37200 2.474204737694934 2.6960592219617325 399.0167648503364 
37300 -3.0321594086753754 2.6950158247060245 398.8623420564916 
37400 -0.011716254013356853 2.6951904732804155 398.8881900455015 
37500 0.10769936419535497 2.69584540285439 398.98511962244976 
37600 -1.1992157190778965 2.6952897661039525 398.90288538338496 
37700 -0.598242996399728 2.696151153267789 399.0303706836328 
37800 0.9468139763278911 2.6954467089227747 398.92611292057063 
37900 3.4063084526153187 2.6966398515028134 399.10269802241635 
38000 -0.08218645656071111 2.6959507555897275 399.0007118272797 
38100 -0.23429635470800658 2.6953835084956377 398.9167592573544 
38200 1.923451112828066 2.6960099655690457 399.0094749042188 
38300 0.43119210167744093 2.6949269429880642 398.8491875622335 
38400 2.065546642860035 2.6956891385225914 398.96199250134356 
38500 -0.5482182537120224 2.6957281904398576 398.9677721850989 
38600 0.9723474520569928 2.6954110779957743 398.9208395433746 
38700 2.8177834475592665 2.6959726796358296 399.0039565861028 
38800 -0.4035646365548713 2.695788903693832 398.97675774668716 
38900 2.259763520472047 2.695920943581801 398.9962996501065 
39000 0.35334815058596636 2.695450984296181 398.9267456758348 
39100 -0.5324311070799848 2.6955491766966904 398.94127815111017 
39200 3.050557836267629 2.695721257400358 398.96674609525303 
39300 0.08998514400964641 2.696412065485967 399.0689856919231 
39400 1.948427114614696 2.6967641502497663 399.1210942369654 
39500 0.8947656939731026 2.695977705092304 399.004700353661 
39600 -0.1859783455955375 2.6954018092433576 398.91946776801694 
39700 1.2473942902416688 2.696123477998519 399.0262747437808 
39800 -0.3714171534568873 2.6966817385674906 399.1088973079886 
39900 0.7282544635954116 2.6966226535817106 399.10015273009316 
40000 0.7274734207566071 2.6963683715771447 399.0625189934174 
40100 -0.4422381394179826 2.696513995580507 399.084071345915 
40200 1.8383982896244309 2.695874944722361 398.9894918189094 
40300 -1.128919209315339 2.695224328373609 398.8932005992941 
40400 -1.8292734636500203 2.6958843117711093 398.9908781421242 
40500 -0.36246119369090035 2.6953778716449674 398.9159250034552 
40600 0.11699996791046186 2.6954900514806597 398.9325276191376 
40700 -1.4652825444814201 2.695239383817251 398.8954288049531 
40800 3.073322743826422 2.695464386275956 398.92872916884147 
40900 -0.520953069887554 2.6957285767496764 398.9678293589521 
41000 0.8268888778084174 2.6960951005414513 399.0220748801348 
41100 1.1158553622100955 2.695372577606491 398.91514148576067 
41200 -0.9179276649022832 2.6957067024176067 398.9645919578058 
41300 0.1388069285332456 2.6955657407559293 398.94372963187755 
41400 0.9253779616404048 2.6960415627496723 399.0141512869515 
41500 0.45759647565531125 2.6959312245412446 398.9978212321042 
41600 -0.022132091816565058 2.695822416841359 398.9817176925211 
41700 0.8828955587949645 2.6949590139121202 398.8539340589938 
41800 -1.4227962325936545 2.6952152855611273 398.89186226304685 
41900 -0.4859746227641031 2.6958197609798136 398.9813246250124 
42000 -2.4302624862158466 2.6953762221111797 398.9156808724546 
42100 -1.305499585350126 2.69533930001844 398.91021640272913 
42200 0.31231160191487284 2.69458800654378 398.79902496847944 
42300 -0.8190249906115987 2.6952777892639466 398.9011128110641 
42400 -0.8111459977428916 2.6949274308747406 398.8492597694616 
42500 -2.60049104858134 2.694948726851527 398.852411574026 
42600 4.636090724758739 2.6950017676380127 398.8602616104259 
42700 -0.03972637176825611 2.6943784090779297 398.7680045435336 
42800 -0.12025557462711411 2.6955103483239866 398.93553155195 
42900 -0.775053660192448 2.696141223990705 399.02890115062434 
43000 -0.04150274984377056 2.6965818747473556 399.0941174626086 
43100 -0.271677585190198 2.6959925734391184 399.00690086898953 
43200 0.01478493476598608 2.6959664775965977 399.0030386842964 
43300 -1.5664079341380317 2.6955984408947256 398.94856925241936 
43400 -2.154601719647357 2.6966486361387236 399.1039981485311 
43500 4.0815497107500835 2.696484739885342 399.0797415030307 
43600 -1.489474916452549 2.694925568735077 398.84898417279135 
43700 0.44084812660902983 2.6959547134812984 399.0012975952322 
43800 1.9736413309128205 2.696209190682613 399.0389602210267 
43900 -1.2989262457557942 2.695510743084009 398.93558997643333 
44000 2.2853642675578953 2.6960332590634875 399.0129223413961 
44100 -0.5513858276065999 2.6957044500380065 398.96425860562493 
44200 -2.2043118800598713 2.6959263950651784 398.9971064696464 
44300 -0.47994849263368167 2.695521281113872 398.93714960485306 
44400 -0.27796120651728895 2.6958234039909184 398.9818637906559 
44500 0.7861188882427079 2.695273032393716 398.90040879426994 
44600 0.8579243012035578 2.695499270762817 398.9338920728969 
44700 -1.4294004148143786 2.694899150656548 398.8450742971691 
44800 -1.2775328448875385 2.6956256856087064 398.95260147008855 
44900 1.1888396606210847 2.695707243175164 398.9646719899243 
45000 -3.0417366443348497 2.6947976847598256 398.8300573444542 
45100 0.6166773212902381 2.6961015635317347 399.02303140269674 
45200 -1.1103367230006072 2.6954017045173884 398.9194522685735 
45300 0.4805301309376997 2.69599428229664 399.00715377990275 
45400 -0.32882383954149397 2.69532519216199 398.9081284399745 
45500 -1.8300288646478613 2.695241830527873 398.8957909181252 
45600 5.487925117200031 2.6962482418459186 399.04473979319596 
45700 0.288020088175454 2.6954419026651686 398.92540159444496 
45800 6.662563256795416 2.695824803685193 398.98207094540857 
45900 -1.023240288109827 2.6958066348912895 398.97938196391084 
46000 -1.5582407115800452 2.6951066394920753 398.87578264482715 
46100 -0.6926590456602693 2.6948548848148146 398.83852295259254 
46200 -2.4675035627299886 2.695159905367229 398.8836659943499 
46300 4.205455540594855 2.6958624433862424 398.9876416211639 
46400 -0.8963272008214718 2.6952934716943164 398.9034338107588 
46500 0.13634088609411776 2.695129977540362 398.8792366759736 
46600 0.30868633907887855 2.6957369584736517 398.96906985410044 
46700 -0.8280004290426772 2.695466295238829 398.92901169534673 
46800 -2.560868117952924 2.6950793267405215 398.8717403575972 
46900 3.9678769608134266 2.6950974837101245 398.87442758909845 
47000 -0.27871872764537464 2.6953702094432987 398.91479099760824 
47100 -1.108906032058492 2.6958527155473475 398.98620190100746 
47200 2.975689634899429 2.696672953929899 399.10759718162507 
47300 0.04923981216217488 2.696721005261021 399.1147087786311 
47400 -0.9243746088838565 2.696572483472296 399.09272755389986 
47500 -1.1521124799016107 2.69492826143795 398.8493826928166 
47600 0.6117776049211505 2.6952945702315803 398.90359639427385 
47700 2.3096268261709128 2.6964715866697 399.0777948271156 
47800 -1.442484924746247 2.6951979816859 398.8893012895132 
47900 0.2893938331138175 2.6957424852957184 398.9698878237663 
48000 0.15797658210292287 2.696115258428249 399.02505824738085 
48100 -0.04223533733785523 2.695705133084367 398.9643596964863 
48200 -2.036902292757078 2.695011368555826 398.8616825462622 
48300 1.7705446371850302 2.6948627498185367 398.83968697314344 
48400 1.7338440777802395 2.6944367881974687 398.77664465322533 
48500 1.0912909329352107 2.695511344101625 398.9356789270405 
48600 0.10993069626334151 2.6950161541680413 398.8623908168701 
48700 2.022211269823379 2.6956669019242434 398.95870148478804 
48800 -0.13082914090899322 2.695499071669805 398.9338626071311 
48900 0.45844216361425616 2.6958581534443744 398.9870067097674 
49000 -1.0267662693028523 2.694862618180598 398.83966749072846 
49100 1.0718470089111234 2.6956101330330924 398.9502996888977 
49200 0.0199901845161774 2.695718187815696 398.96629179672306 
49300 0.07274535392938564 2.6951479400647362 398.881895129581 
49400 0.3427341704251967 2.695547691262507 398.94105830685106 
49500 0.05059246087474989 2.696082323465965 399.02018387296283 
49600 2.144185319913162 2.6956756379742464 398.9599944201885 
49700 1.9953947804844745 2.6957037565687445 398.9641559721742 
49800 -1.5693975413103578 2.6941883693901945 398.73987866974875 
49900 2.9540509619540964 2.6956931177718735 398.96258143023726 
50000 0.032050430438539834 2.6954054367482985 398.9200046387482 
50100 -0.9663218802071087 2.6950491224930313 398.86727012896864 
50200 -2.974062971305392 2.694025894963829 398.7158324546467 
50300 -0.7792830583422568 2.694777847893133 398.82712148818365 
50400 -1.4256323623713634 2.6945342721751233 398.7910722819183 
50500 2.7939352893168596 2.6949312548519067 398.8498257180822 
50600 -2.167328268465689 2.6947424470877523 398.8218821689873 
50700 0.9633619382471403 2.6957119298118837 398.9653656121588 
50800 0.057724784927925654 2.695065335840886 398.8696697044511 
50900 1.0841088683787667 2.695582799722385 398.946254358913 
51000 0.2557339920564017 2.6961429014310854 399.02914941180063 
51100 -1.5003000368990298 2.6956456740509473 398.9555597595402 
51200 2.67619216955305 2.696231503103364 399.0422624592979 
51300 -1.177571346788982 2.695284793651207 398.9021494603786 
51400 -1.3763610414568266 2.695785717281458 398.9762861576558 
51500 -2.2386461830119595 2.6957496782215684 398.9709523767921 
51600 1.3271632381956469 2.695902337897799 398.99354600887426 
51700 -1.3710642901900343 2.696099325392574 399.022700158101 
51800 -0.0700690441034375 2.6959536532781683 399.00114068516893 
51900 -0.36844173055341134 2.6957450479049676 398.9702670899352 
52000 0.6581056220446024 2.696289838411466 399.050896084897 
52100 -1.2160641971604615 2.695337305926284 398.90992127709006 
52200 -0.0676731876003096 2.6953819864962982 398.91653400145213 
52300 -1.4607951626796876 2.695487373188674 398.9321312319238 
52400 -0.9154752051696269 2.695625293216536 398.95254339604736 
52500 -1.6742147615712994 2.6956918695324292 398.9623966907995 
52600 -0.7484872898110408 2.6954956894702473 398.9333620415966 
52700 -2.498874029525909 2.6956440397864414 398.9553178883933 
52800 -0.9526341850080948 2.69619746345105 399.03722459075544 
52900 -0.21618855804944737 2.696013698985505 399.0100274498547 
53000 -1.4629986456644701 2.696070679204355 399.01846052224454 
53100 0.8641267471738221 2.6958926999151154 398.99211958743706 
53200 -2.332370623032307 2.696041503330836 399.0141424929637 
53300 -0.6371269474740959 2.696225060102952 399.0413088952369 
53400 -1.3301687373899336 2.6955352455218766 398.9392163372377 
53500 -0.05337777982590808 2.6958681095507018 398.98848021350386 
53600 -1.2375882259748252 2.6947876130483097 398.8285667311498 
53700 0.27679741240260025 2.6952608133668785 398.898600378298 
53800 -1.5043954816538356 2.695532041449181 398.9387421344788 
53900 -1.2596164604766074 2.6955458752841976 398.9407895420612 
54000 -2.5365392679665937 2.6957930648320665 398.9773735951458 
54100 2.541770455060349 2.6953917267861986 398.9179755643574 
54200 -2.9697895239189185 2.697237666387632 399.19117462536957 
54300 1.9126003192290986 2.6956601567235756 398.9577031950892 
54400 -1.745636723427534 2.695459833638249 398.9280553784609 
54500 0.24772581480763467 2.695953245701465 399.00108036381687 
54600 0.025700797426904565 2.695043261105915 398.8664026436754 
54700 -1.1355735635896602 2.694983630821434 398.8575773615722 
54800 -0.31626201980834523 2.695591503897363 398.9475425768097 
54900 3.0114878244321615 2.6959208368629777 398.9962838557207 
55000 -0.7574467365929394 2.6953544253535577 398.9124549523265 
55100 1.6022286517724345 2.6957983043716367 398.9781490470022 
55200 -0.664056230793955 2.695150929895973 398.882337624604 
55300 -0.9413923376212177 2.6957265547425564 398.9675301018984 
55400 -1.0426836821085557 2.695976419436401 399.00451007658734 
55500 1.25601551566628 2.695174538420344 398.8858316862109 
55600 -0.7301054249655436 2.6956536028717957 398.95673322502574 
55700 -0.7097095880297584 2.696020789726052 399.0110768794557 
55800 1.3045804045280187 2.695989701449878 399.00647581458196 
55900 -1.2489363416472354 2.695369177373375 398.9146382512595 
56000 -1.2925506551546082 2.695354042968931 398.91239835940183 
56100 -0.1254454509532419 2.6961602278570354 399.03171372284123 
56200 -2.126896555195976 2.6960846557950022 399.0205290576603 
56300 -1.9618128958307492 2.695283172671122 398.9019095553261 
56400 0.5111470709530614 2.6950586655661906 398.8686825037962 
56500 1.9426414444500573 2.6959902964824893 399.0065638794084 
56600 -0.7422024044266422 2.696210920487219 399.0392162321084 
56700 -2.0548089817588275 2.6949100168264266 398.84668249031114 
56800 -0.9212144799658333 2.6959986330388648 399.007797689752 
56900 0.4235653069616303 2.6952686651172484 398.89976243735276 
57000 3.3104485958607217 2.6959213753496427 398.99636355174715 
57100 1.1675997637877815 2.6955907252967557 398.94742734391986 
57200 1.0449086463010646 2.6961540489795013 399.03079924896616 
57300 -1.3368184306537678 2.695258607399501 398.8982738951261 
57400 -0.20754099414896565 2.6961630232549836 399.0321274417376 
57500 0.4194444680160885 2.69588753561988 398.99135527174224 
57600 -0.4967995776502869 2.6962532987630654 399.0454882169337 
57700 -0.5524458031655861 2.6960552542715295 399.0161776321864 
57800 0.6090766348065193 2.695871397172465 398.9889667815248 
57900 0.7492650025315042 2.6958121807294706 398.98020274796164 
58000 -1.8336740730908279 2.6948012852284995 398.8305902138179 
58100 1.0681005686176954 2.6961432803565843 399.02920549277445 
58200 -1.0070921721639934 2.695643504966611 398.95523873505846 
58300 0.808821032669349 2.6952951409784394 398.903680864809 
58400 3.1431066327441544 2.6960549431620757 399.0161315879872 
58500 -1.3777835851981433 2.695252450056875 398.8973626084175 
58600 -1.0737827580406973 2.69492016158848 398.8481839150951 
58700 0.34187957585791295 2.695640667838139 398.9548188400446 
58800 -0.7372823476836299 2.695231145991097 398.8942096066824 
58900 -0.43025556404409393 2.6953119564377483 398.90616955278676 
59000 -0.8559482747784575 2.6947200478743314 398.81856708540107 
59100 -2.2213546407215725 2.695595647838873 398.94815588015325 
59200 0.5186681529237482 2.6957424184417844 398.9698779293841 
59300 1.151907088430975 2.6963233332011582 399.0558533137714 
59400 -0.36474472118261136 2.6955414949595142 398.9401412540081 
59500 -2.6531504639138217 2.6950217369604035 398.8632170701397 
59600 0.2859252710026592 2.6954735785800934 398.93008962985385 
59700 -0.7887096853798559 2.6954260424251677 398.92305427892484 
59800 0.8172541011808052 2.6968114950228483 399.12810126338155 
59900 0.9715498105098925 2.6951073456526187 398.87588715658757 
60000 1.2761973549736876 2.6953505972690373 398.9118883958175 
60100 -1.0298813080050682 2.695730429675974 398.96810359204414 
60200 1.3068565352726722 2.6959812211118392 399.0052207245522 
60300 0.22789114692374213 2.696059393857541 399.01679029091605 
60400 -0.43715856659592767 2.6955161362304176 398.9363881621018 
60500 2.477765660779233 2.695284193526736 398.9020606419569 
60600 0.6648392831227383 2.695812559885143 398.98025886300115 
60700 -3.0888663675093797 2.6953161029114696 398.90678323089753 
60800 -1.1495686377491152 2.6960141918345397 399.01010039151186 
60900 0.2744576052657477 2.6960786674266015 399.01964277913703 
61000 -0.9018716710812953 2.6950953508117834 398.87411192014395 
61100 0.07782608421069259 2.6952687886293347 398.89978071714154 
61200 -0.8826630733342045 2.6949092080309787 398.84656278858483 
61300 0.8647953103677883 2.6953689441242625 398.91460373039087 
61400 0.2232033948185217 2.695563834258344 398.9434474702349 
61500 -0.40093041217205627 2.6952429997600573 398.8959639644885 
61600 -1.6731364392828363 2.694506773871071 398.7870025329185 
61700 -1.8388823861036423 2.6944310896028454 398.7758012612211 
61800 -0.07801790267459019 2.6951405560644064 398.8808022975321 
61900 -0.1242442608508707 2.695713817527024 398.96564499399955 
62000 -0.7396050379422778 2.696157257529338 399.03127411434207 
62100 -0.9394270568882623 2.695076638332193 398.8713424731646 
62200 -2.401927928985112 2.6959820105863 399.0053375667724 
62300 -2.3848916276491003 2.6948138888976834 398.83245555685716 
62400 -0.932891584714926 2.695149688970766 398.8821539676734 
62500 -2.4421068063737796 2.6953689720731866 398.9146078668316 
62600 0.35437160624440445 2.6947088471059986 398.8169093716878 
62700 -0.4960196693942649 2.6948233953034006 398.83386250490327 
62800 2.489833509123484 2.6958399846916303 398.9843177343613 
62900 -1.1902863178174226 2.696578125540937 399.0935625800587 
63000 0.032117660942364346 2.695111523108081 398.876505419996 
63100 -0.9134568670763175 2.6949561128786024 398.85350470603316 
63200 -1.7125663352481215 2.6951698211804365 398.8851335347046 
63300 -0.9698163225828997 2.69513107112768 398.87939852689664 
63400 4.613976569173428 2.6960337099309877 399.01298906978616 
63500 1.1647589135567475 2.6957921710181925 398.9772413106925 
63600 -2.0322852458232896 2.6952362834146055 398.8949699453616 
63700 -2.478735239948388 2.6951164080339853 398.8772283890298 
63800 2.5023313590296308 2.695788956385199 398.9767655450094 
63900 -1.307056990127597 2.6964940946572478 399.0811260092727 
64000 -0.19132437961772375 2.695725698010024 398.9674033054836 
64100 1.1320591851103305 2.6963554107934233 399.0606007974267 
64200 -2.242019646485422 2.6955180248022814 398.9366676707376 
64300 0.7820217104726641 2.695913775466061 398.99523876897706 
64400 3.601598866222993 2.694996153241488 398.8594306797402 
64500 -0.9135939251916598 2.696662124010896 399.10599435361263 
64600 0.8439468829410623 2.695717260841191 398.96615460449624 
64700 0.03386994487396322 2.6951239000507314 398.87833720750825 
64800 -2.304310252337532 2.6953769167917456 398.9157836851784 
64900 -1.9614319188454559 2.695204777575866 398.8903070812281 
65000 -1.0999317920402794 2.6957863064914833 398.97637336073956 
65100 -1.0249861045429816 2.696041712763185 399.01417348895137 
65200 -0.08011973207994139 2.69611426270303 399.0249108800485 
65300 -0.4398998380168786 2.6954852782084577 398.93182117485173 
65400 0.6808493544949421 2.69532921217785 398.9087234023218 
65500 -1.5454200362573172 2.6940785322305523 398.7236227701217 
65600 -1.8432515398804235 2.6953338528876896 398.90941022737803 
65700 0.5204024907443019 2.6952681258394557 398.89968262423946 
65800 -1.2454223947879406 2.695066848670551 398.86989360324156 
65900 -0.648340777979012 2.6959060151022296 398.99409023513 
66000 -2.076109956271118 2.695140773829935 398.8808345268304 
66100 0.7205681902808037 2.6952035455039165 398.8901247345796 
66200 -1.2045068282346323 2.6952615000653517 398.89870200967204 
66300 -1.1338905226229032 2.6950687885998827 398.87018071278266 
66400 -0.03984103283699891 2.69544467656839 398.92581213212173 
66500 2.2972223551182607 2.695933256783549 398.9981220039652 
66600 -0.7313669882985518 2.695146814892516 398.88172860409236 
66700 0.049751799660068485 2.6945379528501774 398.79161702182626 
66800 0.015503951804171301 2.6954338230916064 398.9242058175577 
66900 -1.394803175836274 2.6957072844674492 398.96467810118247 
67000 -1.518565751400959 2.694458064829102 398.77979359470714 
67100 -0.9142633893080649 2.6948342891090546 398.83547478814006 
67200 2.463917606628666 2.6955174844184286 398.93658769392744 
67300 -1.5471980803058916 2.6949907857083524 398.85863628483617 
67400 -1.9014600489267544 2.6949136798774904 398.8472246218686 
67500 -1.1935129622024059 2.6942214748672537 398.74477828035356 
67600 -0.47823086659881664 2.6949676104139755 398.8552063412684 
67700 0.8915042882014221 2.695274023631584 398.90055549747444 
67800 -0.3850328805763219 2.6943859652056763 398.7691228504401 
67900 -2.0913456063192974 2.6954189573731293 398.92200569122315 
68000 -1.4103477470710395 2.6947003820526754 398.81565654379597 
68100 -2.446040177117804 2.6947903896460175 398.82897766761056 
68200 -0.8909768541339114 2.695188947559084 398.8879642387444 
68300 -2.4888497145083015 2.694409124676513 398.77255045212394 
68400 0.08941376243132115 2.6946507724730324 398.8083143260088 
68500 4.550537177857408 2.6945892169061083 398.799204102104 
68600 -1.1748869990969135 2.6940216206682472 398.7151998589006 
68700 -1.866786109472688 2.695551678515404 398.94164842027976 
68800 -0.8938441331921627 2.695554182791899 398.942019053201 
68900 -0.4916183160093288 2.69458714225289 398.79889705342777 
69000 1.4662431191326046 2.6952957644221462 398.90377313447766 
69100 -1.7875313155019317 2.6945688501385647 398.7961898205076 
69200 0.12593086572726975 2.6945954659494586 398.8001289605199 
69300 -0.9857926191461512 2.6958771511990776 398.9898183774635 
69400 2.8582113989960156 2.6951941536349437 398.8887347379717 
69500 -0.23537007922146191 2.694206657980884 398.7425853811708 
69600 -0.8193081563404663 2.6946732106774403 398.81163518026113 
69700 -0.5501443281129248 2.6943896529262843 398.7696686330901 
69800 -1.9596590984204472 2.6949603743198693 398.8541353993407 
69900 0.29630203568060764 2.69482590939214 398.8342345900367 
70000 1.0618429391223945 2.695164371937382 398.8843270467325 
70100 0.43508182918703575 2.6939920274854092 398.7108200678406 
70200 -0.1294040877605811 2.6945145875314545 398.7881589546553 
70300 1.913703847545034 2.6950064947241756 398.86096121917797 
70400 1.4359531782907524 2.6951130208981877 398.8767270929318 
70500 -1.5102190776968545 2.695120367821982 398.87781443765334 
70600 -0.7568269073707317 2.6955333512132014 398.93893597955383 
70700 2.6153276241291428 2.696121696650276 399.0260111042408 
70800 -1.0588356338811717 2.6950294686147704 398.86436135498604 
70900 2.0738118130407477 2.695476014374226 398.9304501273854 
71000 -1.6892883593809787 2.6945955310044094 398.8001385886526 
71100 -1.1410365934461577 2.6948893949471584 398.84363045217947 
71200 -1.9814465967743704 2.6940858532593133 398.72470628237835 
71300 -2.3539001310864456 2.6953047072840737 398.9050966780429 
71400 -1.952146205374098 2.6946331414307765 398.8057049317549 
71500 -1.673047337736917 2.694479128565672 398.7829110277195 
71600 -2.2240814296835114 2.6946266335724536 398.80474176872315 
71700 0.8301910139488484 2.6948316513621116 398.8350844015925 
71800 -0.6103732225236991 2.694566798591204 398.7958861914982 
71900 -1.8597594138855218 2.6940253742153133 398.71575538386634 
72000 0.17172370885597488 2.694416773505605 398.7736824788295 
72100 -0.38172457163370055 2.6947288541694863 398.81987041708396 
72200 -1.2283120183016614 2.694528369634297 398.7901987058759 
72300 2.3979325991192786 2.695040028221124 398.86592417672637 
72400 -1.9115956423699263 2.6947550606948694 398.8237489828407 
72500 -1.6307458025099146 2.6950457936400753 398.8667774587311 
72600 -1.64929023894146 2.694424004926951 398.7747527291887 
72700 -0.040494787231156515 2.6948407580970697 398.8364321983663 
72800 -0.8858388795878325 2.6941809903470078 398.73878657135714 
72900 -0.5560187123599389 2.69401538580714 398.7142770994567 
73000 -0.10764484630434712 2.694362117953962 398.76559345718636 
73100 -1.673776160010413 2.69487564674912 398.84159571886977 
73200 -0.9225499113276561 2.6943944813101237 398.7703832338983 
73300 -0.22252673850854254 2.694515455616789 398.7882874312848 
73400 -0.1763920427280281 2.6946406104051794 398.80681033996655 
73500 0.16356480121204786 2.695273523187176 398.9004814317021 
73600 -0.7686592246303867 2.6942886621177955 398.75472199343375 
73700 0.3150332027069229 2.694991868787422 398.85879658053847 
73800 -1.7449097895348542 2.694420607080339 398.77424984789013 
73900 -1.2537790068393395 2.695776930414661 398.9749857013698 
74000 -1.7762169716752885 2.6944931130248437 398.7849807276769 
74100 1.1277100295855877 2.6949719290701224 398.8558455023781 
74200 -1.9494682017545033 2.6948408435047324 398.8364448387004 
74300 0.43140690102712664 2.695252924295111 398.8974327956764 
74400 -1.5572475990190693 2.696085054358554 399.020588045066 
74500 -0.6077443040864354 2.695220818069314 398.89268107425846 
74600 0.047684907744187655 2.6948917533547876 398.84397949650855 
74700 2.4739071376939217 2.6951194111267283 398.8776728467558 
74800 1.7834345158564204 2.6960424738595394 399.01428613121186 
74900 0.6462911096720285 2.6954383839594502 398.9248808259986 
75000 1.06532115309298 2.6955698128140044 398.9443322964727 
75100 2.410234056159349 2.6947837912250163 398.8280011013024 
75200 -0.7764579056747349 2.6942985241438824 398.7561815732946 
75300 -0.32174042977193196 2.6949830882014454 398.8574970538139 
75400 -1.0549438253849246 2.694645504680658 398.8075346927374 
75500 -0.4944444279401976 2.6949958986064466 398.8593929937541 
75600 -0.6310396565522884 2.6946311169146653 398.8054053033705 
75700 -2.0721115636747562 2.694919762593043 398.84812486377035 
75800 -0.30608111905302415 2.6955325673206465 398.93881996345567 
75900 -0.6727529989561827 2.695166096939486 398.88458234704393 
76000 -1.4576796702386767 2.6943374851944193 398.76194780877404 
76100 -0.31502042436883926 2.6951914496337595 398.8883345457964 
76200 1.4765861965135905 2.6950519969159163 398.8676955435556 
76300 -1.6003923672002545 2.6947308174712172 398.82016098574013 
76400 0.4827008043910386 2.6951444050246622 398.88137194365004 
76500 -0.9596736900115221 2.694196515554677 398.7410843020922 
76600 0.6366303831680593 2.6955278431714165 398.93812078936963 
76700 -0.7246055466311061 2.695045345078334 398.8667110715934 
76800 1.2604673398090709 2.6942850902395685 398.75419335545615 
76900 -2.6008656198607194 2.6936323509984588 398.6575879477719 
77000 0.6918618976854809 2.694314529078383 398.7585503036007 
77100 -2.8985856265702514 2.694106710660812 398.7277931778002 
77200 -1.0868496161421293 2.6949071717305983 398.8462614161285 
77300 -0.31203833438170125 2.6947392550915463 398.82140975354883 
77400 0.9365558943265722 2.6946710713836026 398.81131856477316 
77500 -1.5191363737662806 2.695227575672071 398.89368119946647 
77600 -1.6552042218154037 2.6949323407267984 398.84998642756614 
77700 -1.4885538439407728 2.6946724411734952 398.8115212936773 
77800 1.3654575985797397 2.6947939712632194 398.8295077469565 
77900 -1.407976367320531 2.6945838163403515 398.79840481837203 
78000 -0.5697081932025618 2.6956154630886253 398.95108853711656 
78100 -2.7663778581669547 2.6951330570422556 398.8796924422538 
78200 0.3721870434568073 2.6947421011100077 398.8218309642811 
78300 1.624857968993962 2.694909056133563 398.8465403077673 
78400 -1.9480057626606353 2.6946630856013987 398.810136669007 
78500 -0.9313523716978773 2.695811721443675 398.9801347736639 
78600 -0.1603165801072528 2.6947869142005585 398.8284633016827 
78700 -0.5480199950721847 2.6949146411944493 398.8473668967785 
78800 1.0864367914579818 2.695483628125049 398.9315769625073 
78900 -0.32227900037756374 2.694685086299194 398.8133927722807 
79000 1.1560875141834464 2.695589184473151 398.9471993020264 
79100 -0.09508834696098312 2.6960841803302746 399.02045868888064 
79200 1.8933780430059723 2.695152861222029 398.8826234608603 
79300 -1.4008280858235258 2.6952179282608792 398.89225338261014 
79400 3.4775514886775554 2.6962281345950396 399.0417639200659 
79500 0.0011490331134931253 2.695193904693641 398.8886978946589 
79600 -1.6077820358738828 2.695098116691516 398.8745212703444 
79700 -0.37520348717201113 2.6949910638514676 398.8586774500172 
79800 -1.0996861254287218 2.694689253673234 398.81400954363863 
79900 -0.5731996898238796 2.6946206297998545 398.80385321037846 
80000 0.5442080048984588 2.694954941493637 398.85333134105827 
80100 0.6146650600895782 2.695736143827487 398.96894928646805 
80200 -1.3765554881951614 2.6947158555307587 398.8179466185523 
80300 -0.5148784608109276 2.6949011955163895 398.8453769364256 
80400 -1.3817804456395235 2.695037592140964 398.86556363686265 
80500 -0.38180043823777243 2.6948062388132716 398.8313233443642 
80600 -1.2528697032994467 2.6954944538977466 398.9331791768665 
80700 0.33800380612773573 2.696261012273987 399.0466298165501 
80800 2.504531459223595 2.6952836081584306 398.90197400744773 
80900 -0.6921799878000918 2.695419669911633 398.9221111469217 
81000 -2.093271987394993 2.6946563430791324 398.8091387757116 
81100 0.8173672851755676 2.694890052298838 398.843727740228 
81200 -1.139959625110242 2.694442436737202 398.7774806371059 
81300 2.009314837578394 2.695695490719532 398.9629326264907 
81400 -0.8592516292869528 2.694279755609119 398.75340383014964 
81500 -2.3931636344878386 2.694675295226686 398.8119436935495 
81600 0.6730754677754813 2.6945867622638597 398.7988408150512 
81700 1.799197694339079 2.695457994471217 398.92778318174015 
81800 -1.4544566267445065 2.6949426863637393 398.85151758183343 
81900 2.646750075426861 2.695440663323012 398.9252181718058 
82000 0.3492554029464152 2.695245464239994 398.8963287075191 
82100 -1.6402538092582146 2.6949541242691124 398.8532103918286 
82200 -2.5615575197956924 2.694487940445665 398.78421518595843 
82300 0.5186861097755076 2.695670337975451 398.95921002036675 
82400 -0.9577880109625525 2.6951800412515348 398.88664610522716 
82500 1.7475592611494495 2.695088734735832 398.8731327409031 
82600 -1.5109836957793243 2.6951444887266565 398.8813843315452 
82700 -0.08016784388525089 2.6953829324394385 398.9166740010369 
82800 0.36606208151294073 2.6955991410587514 398.9486728766952 
82900 -0.4329546366091517 2.694855726299464 398.8386474923207 
83000 -1.2007471523715383 2.6947419295185817 398.8218055687501 
83100 -1.0254902795203584 2.6946226407273155 398.8041508276427 
83200 -1.3665996287242654 2.6941723095620533 398.73750181518386 
83300 0.071770845116232 2.6960050362530508 399.0087453654515 
83400 -0.3217580178604127 2.6950576781578826 398.86853636736663 
83500 -1.0739744511589961 2.694847445659321 398.8374219575795 
83600 -0.5950010089765927 2.6943351193149985 398.7615976586198 
83700 0.7613700356929725 2.694572926585279 398.7967931346213 
83800 -2.693794470809268 2.6940694906973275 398.7222846232045 
83900 -1.9941121738900556 2.6947659390116843 398.8253589737293 
84000 -0.21439063383071844 2.6948073186424315 398.8314831590799 
84100 0.4873124299974485 2.6944772650833246 398.78263523233204 
84200 2.662891362365653 2.695315363311353 398.90667377008026 
84300 -1.5191694540623013 2.694815686908078 398.83272166239556 
84400 -0.6912009117621647 2.6950992212593756 398.8746847463876 
84500 0.13496627980309395 2.6941666028460745 398.73665722121905 
84600 -0.24793791581932556 2.695435861033628 398.92450743297695 
84700 -1.0774192509721399 2.6944773027430444 398.7826408059706 
84800 0.5790857218230379 2.6944944004688844 398.7851712693949 
84900 0.7080691602207487 2.694802788655927 398.83081272107717 
85000 1.3696567102702701 2.6950287463253986 398.864254456159 
85100 -0.963085526810147 2.695201362762961 398.8898016889182 
85200 -0.9049166982612808 2.694387455158125 398.76934336340247 
85300 0.10583514837754748 2.696129243033072 399.02712796889466 
85400 -0.20242966724260114 2.694242903285699 398.74794968628345 
85500 -0.8142215058622329 2.694821494211936 398.83358114336653 
85600 -1.3291067768809084 2.6943435598926677 398.7628468641148 
85700 2.616458293232971 2.69531143483123 398.906092355022 
85800 0.17718572985660774 2.694536735436247 398.79143684456454 
85900 -1.3310902784743321 2.695010194675458 398.8615088119678 
86000 -0.9263589125095777 2.694836315194566 398.8357746487958 
86100 -0.9190668967647175 2.6949509940820664 398.8527471241458 
86200 3.6839958794578793 2.69462993065578 398.8052297370554 
86300 -2.958938646524562 2.694325090266818 398.7601133594891 
86400 1.0447483956549473 2.695202896109946 398.890028624272 
86500 -0.9489084634862435 2.694586973586184 398.7988720907552 
86600 -0.7946167634359913 2.69408169536227 398.72409091361595 
86700 -1.2020731064117571 2.694313811948173 398.75844416832956 
86800 -1.0595305883331303 2.6947076400596712 398.8167307288314 
86900 -0.6692600693475237 2.6944641926967323 398.7807005191164 
87000 -0.18836176952450412 2.694379788231198 398.7682086582173 
87100 -2.1582832278591577 2.694153904943274 398.7347779316046 
87200 -0.9265678851612877 2.6942289503046375 398.74588464508633 
87300 0.4562313359764083 2.694560161426391 398.7949038911059 
87400 0.6522920279535933 2.69433534224965 398.7616306529482 
87500 -1.3151003424150138 2.695249161147694 398.8968758498587 
87600 -0.47948587916840335 2.695447590415154 398.92624338144276 
87700 -2.951442990453945 2.6935044473931344 398.6386582141839 
87800 1.200750639426806 2.6948945642039597 398.84439550218605 
87900 1.0672009975824928 2.6947476037628597 398.82264535690325 
88000 -0.801129028361979 2.693827485218997 398.6864678124116 
88100 0.9983461729544656 2.6946331961041556 398.805713023415 
88200 -3.6186972041855476 2.693781005575378 398.6795888251559 
88300 1.2149754637745023 2.694118320384724 398.72951141693915 
88400 -1.703749804648579 2.6944741858878545 398.7821795114025 
88500 0.3186956819368847 2.6934392294138108 398.62900595324396 
88600 0.031077073712410197 2.6937715318713646 398.678186716962 
88700 0.6960420729748877 2.694183168450772 398.7391089307143 
88800 -0.08040404334812656 2.693959974929686 398.7060762895935 
88900 1.0048669108813195 2.6939632302884293 398.70655808268754 
89000 0.005700657366649153 2.694007451566167 398.71310283179275 
89100 -0.5299088457734582 2.694320982643026 398.75950543116784 
89200 0.11700516306265474 2.6953272780269337 398.9084371479862 
89300 1.1095671103864335 2.6944696489127264 398.7815080390835 
89400 0.44824637609892637 2.694863037743388 398.83972958602146 
89500 -0.2649116041242445 2.695283362018876 398.90193757879365 
89600 -0.05117205621385956 2.6957219358956483 398.96684651255595 
89700 -0.7646919453949268 2.6948867925298985 398.843245294425 
89800 -1.6303217815612516 2.695255629633135 398.897833185704 
89900 -1.2498306351755097 2.6960335157579443 399.01296033217574 
90000 -1.7587957531648408 2.695351075175573 398.9119591259848 
90100 -1.312068690904721 2.695502622784496 398.9343881721054 
90200 -0.9607579899233363 2.6945733866568298 398.7968612252108 
90300 -1.1043588813386291 2.694911155417445 398.8468510017819 
90400 -1.1872284154128314 2.694387187308848 398.7693037217095 
90500 -1.4722662105223545 2.694391183128805 398.76989510306316 
90600 -1.506330588594654 2.6944667609862085 398.78108062595885 
90700 -1.9027238592349276 2.6949317137905364 398.84989364099937 
90800 -1.5606666337599728 2.694335143754843 398.76160127571677 
90900 0.1592909082859748 2.695181684814505 398.88688935254675 
91000 -0.5355167869439423 2.69503536128545 398.86523347024655 
91100 0.8742475652889752 2.694894594565218 398.8443999956523 
91200 -1.4918285592007807 2.6945725027158844 398.7967304019509 
91300 -1.663338268270853 2.6942380096126084 398.747225422666 
91400 -0.9420270640572976 2.6954009107879013 398.9193347966094 
91500 -1.1188632798805767 2.694459514788588 398.780008188711 
91600 1.5523178609272374 2.6949736128160144 398.8560946967701 
91700 0.9632451694458926 2.6947450539263214 398.8222679810956 
91800 -0.9339380980358234 2.694644224182126 398.8073451789547 
91900 -1.301894481824462 2.6944415128533494 398.7773439022957 
92000 1.7047563089850017 2.6946402577307804 398.8067581441555 
92100 -1.3112862557321918 2.6943839288781595 398.7688214739676 
92200 -1.1028658520334744 2.695719682979835 398.9665130810156 
92300 1.622435210045026 2.6960394975093567 399.0138456313848 
92400 0.49843965548851976 2.69526183958601 398.8987522587295 
92500 -1.2309090663001303 2.6939477961087777 398.7042738240991 
92600 0.8796805192969961 2.695560951918033 398.9430208838688 
92700 0.6612330415810987 2.694741280628854 398.82170953307036 
92800 -1.5718317231585148 2.694529088958442 398.7903051658494 
92900 3.1262063354406386 2.6955728421020795 398.94478063110773 
93000 -1.537432325614482 2.694266190684477 398.75139622130257 
93100 1.482502509369569 2.696609722131889 399.0982388755196 
93200 -3.6394290584627558 2.6948163437521555 398.832818875319 
93300 -0.6989262105839567 2.694568043356882 398.7960704168185 
93400 -0.08067090136251398 2.6953664820431484 398.91423934238594 
93500 -0.5534538433085796 2.6944710535699192 398.78171592834804 
93600 -1.7747047876385942 2.6955392209342492 398.9398046982689 
93700 -1.4623839399230025 2.6947161529218984 398.81799063244097 
93800 -2.2812100123362065 2.6943647999721705 398.7659903958812 
93900 -0.22288839085583145 2.694940083271492 398.8511323241808 
94000 -0.2109359210711066 2.6956209975296943 398.9519076343948 
94100 -0.3044941020708878 2.695412432425739 398.92103999900934 
94200 -1.3147159830515704 2.69512910855474 398.87910806610154 
94300 -1.6843912243266796 2.6950729311188493 398.8707938055897 
94400 0.47532346184542895 2.6953326641203357 398.90923428980966 
94500 -0.10806244641964025 2.695648351632461 398.9559560416043 
94600 0.9027473763351841 2.6948014491976044 398.83061448124545 
94700 -0.19404366657232686 2.69526612450977 398.899386427446 
94800 -0.8696027221751983 2.6948844283406648 398.8428953944184 
94900 0.35788057568953047 2.695194338342971 398.88876207475965 
95000 -0.41117789289579676 2.6950266388068327 398.86394254341127 
95100 -0.0657681500119125 2.6957809508144597 398.97558072054005 
95200 -1.1107496131305101 2.6954860982736792 398.9319425445045 
95300 0.56925768778017 2.6952708686687803 398.9000885629795 
95400 0.06692117643314965 2.6955080695371136 398.93519429149285 
95500 -0.40755981323149637 2.6951312969910743 398.87943195467903 
95600 -0.5712622103148712 2.6957049703464535 398.9643356112751 
95700 -0.463236289411217 2.6954746177583506 398.9302434282359 
95800 0.8553662262634463 2.694840493418667 398.8363930259627 
95900 -1.4460208136549229 2.6949929258718255 398.85895302903015 
96000 -0.7342286316849176 2.695646068653666 398.9556181607426 
96100 -1.3881326298077132 2.6960747748200466 399.0190666733669 
96200 0.7037930257081948 2.695749088116269 398.97086504120784 
96300 1.357447528637091 2.695323747383739 398.9079146127934 
96400 -0.4688648395993944 2.6950418414366513 398.8661925326244 
96500 -2.40737706179824 2.696043760482054 399.014476551344 
96600 -0.30403105229719163 2.695488979186261 398.93236891956667 
96700 -1.4126001094158251 2.695180095115246 398.8866540770564 
96800 1.9688884421915533 2.6950450280221725 398.86666414728154 
96900 0.2059224335702874 2.6955663837384045 398.94382479328385 
97000 3.1272861019399754 2.695995813986709 399.00738047003296 
97100 -1.3278502361806863 2.695364994713032 398.91401921752873 
97200 -0.21516736807857217 2.6961541962578948 399.03082104616846 
97300 0.49089281516400796 2.696044460680133 399.01458018065966 
97400 -0.7383244463890826 2.6957405467089877 398.96960091293016 
97500 -1.3888194865086083 2.6957793228905165 398.97533978779643 
97600 1.486728796123935 2.696030646888306 399.0125357394693 
97700 -0.4520685619419833 2.6951213507617355 398.87795991273686 
97800 -1.0460499594942396 2.6951920353723855 398.88842123511307 
97900 0.8483860766725213 2.695369914631465 398.91474736545683 
98000 -1.7201456748036899 2.6951088837054993 398.8761147884139 
98100 -0.027294301746462857 2.695672404047338 398.959515799006 
98200 -1.6857367989698853 2.695285315765595 398.90222673330805 
98300 -1.6009979849940015 2.6949491744479395 398.85247781829503 
98400 -1.2152327549952533 2.6955449587425013 398.9406538938902 
98500 0.4612448939951106 2.696002686171197 399.0083975533372 
98600 -0.8843026541404857 2.6951039279153726 398.8753813314751 
98700 0.5284098276191704 2.695163096586791 398.88413829484506 
98800 -0.9907013216860374 2.6949360689803212 398.8505382090875 
98900 -0.7092620405799535 2.6958444005551545 398.98497128216286 
99000 -0.28491178317507604 2.6960674903182857 399.0179885671063 
99100 -1.231666376957346 2.696112224153203 399.024609174674 
99200 2.074270954980448 2.69627709066987 399.04900941914076 
99300 -2.29376678083074 2.696316927422021 399.0549052584591 
99400 1.8668880852038496 2.6952046711138635 398.8902913248518 
99500 -2.8141914452471983 2.695612499531804 398.950649930707 
99600 -0.41839925762916863 2.695381300709142 398.916432504953 
99700 0.5971431011085659 2.69531572147049 398.9067267776325 
99800 -0.2694602993273536 2.695603745109357 398.94935427618486 
99900 3.245034431411078 2.69536541432442 398.91408132001413 
