0.06 0.008000000000000002 
0.18 0.008000000000000002 
0.3 0.12000000000000002 
0.42 0.7320000000000002 
0.54 1.1520000000000001 
0.6599999999999999 1.1160000000000003 
0.78 0.9880000000000001 
0.8999999999999999 0.8920000000000001 
1.02 0.7200000000000002 
1.1400000000000001 0.684 
1.26 0.6960000000000001 
1.38 0.8480000000000001 
1.5 1.1760000000000002 
1.62 1.1320000000000001 
1.74 0.9520000000000002 
1.8599999999999999 0.8480000000000001 
1.98 0.7760000000000001 
2.1 0.8240000000000002 
2.22 0.8520000000000002 
2.34 0.8480000000000001 
2.46 0.9520000000000002 
2.58 1.2080000000000002 
2.6999999999999997 0.8840000000000002 
2.82 0.7520000000000002 
2.94 0.7880000000000001 
3.06 0.7760000000000001 
3.18 0.9000000000000001 
3.3 1.0760000000000003 
3.42 0.9000000000000001 
3.54 0.9400000000000002 
3.6599999999999997 0.8960000000000002 
3.78 0.8440000000000002 
3.9 0.7840000000000003 
4.02 0.796 
4.14 0.9160000000000003 
4.26 0.9520000000000002 
4.38 1.04 
4.499999999999999 0.9760000000000002 
4.619999999999999 0.9080000000000001 
4.739999999999999 0.7760000000000001 
4.859999999999999 0.7720000000000001 
4.9799999999999995 0.7920000000000001 
5.1 0.8320000000000002 
5.22 1.0000000000000002 
5.339999999999999 1.1160000000000003 
5.459999999999999 1.0640000000000003 
5.579999999999999 0.8040000000000002 
5.699999999999999 0.16400000000000003 
5.819999999999999 0.016000000000000004 
5.9399999999999995 0.004000000000000001 
