0.16 0.036718749999999994 
0.48 0.7093749999999999 
0.8 0.7890624999999999 
1.1199999999999999 0.6640624999999999 
1.44 0.8499999999999999 
1.76 0.8628906249999999 
2.08 0.7988281249999999 
2.4000000000000004 0.8343749999999999 
2.72 0.8722656249999998 
3.04 0.8031249999999999 
3.3600000000000003 0.8609374999999999 
3.68 0.8636718749999999 
4.0 0.8144531249999999 
4.32 0.8757812499999998 
4.640000000000001 0.8406249999999998 
4.96 0.8343749999999999 
5.28 0.8671874999999999 
5.6000000000000005 0.8585937499999998 
5.92 0.8406249999999998 
6.24 0.8546874999999998 
6.5600000000000005 0.8374999999999999 
6.88 0.8519531249999999 
7.2 0.8710937499999999 
7.5200000000000005 0.8355468749999999 
7.84 0.8535156249999999 
8.16 0.8503906249999998 
8.48 0.8589843749999999 
8.8 0.8414062499999999 
9.120000000000001 0.8578124999999999 
9.44 0.8511718749999999 
9.76 0.8593749999999999 
10.08 0.8531249999999999 
10.4 0.8515624999999999 
10.72 0.8460937499999999 
11.040000000000001 0.8621093749999998 
11.360000000000001 0.8597656249999999 
11.68 0.8402343749999999 
12.0 0.8636718749999999 
12.32 0.8414062499999999 
12.64 0.8464843749999998 
12.96 0.8269531249999998 
13.280000000000001 0.8624999999999998 
13.6 0.8402343749999999 
13.92 0.7855468749999999 
14.24 0.8523437499999998 
14.56 0.8496093749999999 
14.88 0.6757812499999999 
15.200000000000001 0.8082031249999999 
15.52 0.6871093749999999 
15.84 0.04687499999999999 
