# ioformat=2 N=1024 Dt=5.000000 columns=istep,ke,pe,p,T,Etot,W
1000 1.58355 6.50643 67.8698 1.05673 8.08998 66.8131 
2000 1.50835 -5.32139 8.44903 1.00655 -3.81304 7.44248 
3000 1.52328 -5.21451 9.05303 1.01651 -3.69122 8.03652 
4000 1.53768 -5.28783 8.63253 1.02612 -3.75014 7.6064 
5000 1.4926 -5.32601 8.40519 0.996042 -3.8334 7.40915 
6000 1.51239 -5.27363 8.7805 1.00924 -3.76124 7.77126 
7000 1.51877 -5.25029 8.82304 1.0135 -3.73153 7.80954 
8000 1.5219 -5.32572 8.44428 1.01559 -3.80382 7.42869 
9000 1.53501 -5.26815 8.74003 1.02434 -3.73314 7.71568 
# ioformat=2 N=1024 Dt=5.000000 columns=istep,ke,pe,p,T,Etot,W
10000 1.45894 -5.33075 8.38719 0.973574 -3.87182 7.41362 
11000 1.50369 -5.29289 8.56798 1.00344 -3.7892 7.56454 
12000 1.47515 -5.31971 8.42599 0.984392 -3.84456 7.4416 
13000 1.48406 -5.34792 8.27273 0.990342 -3.86386 7.28239 
14000 1.46134 -5.27435 8.6713 0.97518 -3.81301 7.69612 
15000 1.46236 -5.29278 8.52313 0.97586 -3.83042 7.54727 
16000 1.57228 -5.25279 8.85646 1.04921 -3.68051 7.80724 
17000 1.49744 -5.22169 8.96965 0.999272 -3.72425 7.97038 
# ioformat=2 N=1024 Dt=5.000000 columns=istep,ke,pe,p,T,Etot,W
18000 1.51543 -5.2646 8.75527 1.01128 -3.74917 7.744 
19000 1.49871 -5.33079 8.39517 1.00012 -3.83208 7.39505 
20000 1.47224 -5.28169 8.64113 0.982455 -3.80945 7.65867 
21000 1.5078 -5.37213 8.20958 1.00618 -3.86433 7.20339 
22000 1.47201 -5.28996 8.65719 0.982297 -3.81795 7.6749 
23000 1.52515 -5.27437 8.69849 1.01776 -3.74922 7.68073 
24000 1.50626 -5.30396 8.5266 1.00516 -3.7977 7.52145 
25000 1.46369 -5.3444 8.27866 0.976749 -3.8807 7.30192 
# ioformat=2 N=1024 Dt=5.000000 columns=istep,ke,pe,p,T,Etot,W
26000 1.47179 -5.24778 8.81955 0.98215 -3.776 7.8374 
27000 1.50241 -5.29587 8.56829 1.00258 -3.79346 7.56571 
28000 1.49097 -5.30762 8.50675 0.994954 -3.81665 7.5118 
29000 1.45642 -5.27362 8.65318 0.971893 -3.8172 7.68128 
30000 1.54168 -5.24323 8.8249 1.02879 -3.70155 7.7961 
31000 1.51757 -5.30108 8.56082 1.0127 -3.78351 7.54811 
32000 1.50745 -5.32487 8.4301 1.00595 -3.81742 7.42415 
33000 1.55944 -5.28657 8.66133 1.04064 -3.72713 7.62068 
# ioformat=2 N=1024 Dt=5.000000 columns=istep,ke,pe,p,T,Etot,W
34000 1.58023 -5.27339 8.79536 1.05452 -3.69315 7.74084 
35000 1.508 -5.30456 8.48792 1.00632 -3.79656 7.48161 
36000 1.51156 -5.3088 8.54938 1.00869 -3.79724 7.54068 
37000 1.5206 -5.24424 8.8772 1.01473 -3.72364 7.86247 
38000 1.44973 -5.29026 8.62203 0.967431 -3.84053 7.6546 
39000 1.53814 -5.30809 8.56187 1.02643 -3.76995 7.53544 
40000 1.44568 -5.2827 8.62407 0.964726 -3.83703 7.65934 
41000 1.52342 -5.33772 8.37182 1.01661 -3.8143 7.35521 
# ioformat=2 N=1024 Dt=5.000000 columns=istep,ke,pe,p,T,Etot,W
42000 1.44634 -5.32489 8.3456 0.965172 -3.87854 7.38043 
43000 1.51923 -5.28517 8.60887 1.01381 -3.76594 7.59506 
44000 1.46232 -5.31722 8.45282 0.975831 -3.8549 7.47699 
45000 1.52707 -5.38028 8.18082 1.01904 -3.85321 7.16177 
46000 1.46393 -5.25622 8.7504 0.976905 -3.79229 7.7735 
47000 1.49536 -5.27063 8.67773 0.997879 -3.77527 7.67985 
48000 1.5335 -5.31606 8.5281 1.02333 -3.78256 7.50477 
49000 1.45994 -5.33918 8.3333 0.974244 -3.87924 7.35905 
50000 1.52062 -5.30757 8.56047 1.01474 -3.78695 7.54573 
# ioformat=2 N=1024 Dt=5.000000 columns=istep,ke,pe,p,T,Etot,W
51000 1.51645 -5.25609 8.80845 1.01195 -3.73964 7.7965 
52000 1.47572 -5.34984 8.24916 0.984774 -3.87413 7.26439 
53000 1.52073 -5.35793 8.25255 1.01481 -3.8372 7.23774 
54000 1.50712 -5.2759 8.66482 1.00573 -3.76879 7.6591 
55000 1.51756 -5.32868 8.3999 1.0127 -3.81112 7.38721 
56000 1.48338 -5.31945 8.4537 0.989886 -3.83607 7.46382 
57000 1.43992 -5.27037 8.66924 0.960885 -3.83045 7.70835 
58000 1.52588 -5.20694 9.06205 1.01825 -3.68106 8.0438 
# ioformat=2 N=1024 Dt=5.000000 columns=istep,ke,pe,p,T,Etot,W
59000 1.46263 -5.32492 8.37224 0.976037 -3.86229 7.3962 
60000 1.4858 -5.32756 8.41505 0.991504 -3.84175 7.42355 
61000 1.4907 -5.35124 8.25804 0.994771 -3.86054 7.26327 
62000 1.51063 -5.34345 8.35711 1.00807 -3.83282 7.34905 
63000 1.55994 -5.30556 8.57584 1.04098 -3.74562 7.53486 
64000 1.53405 -5.29406 8.6087 1.0237 -3.76002 7.585 
65000 1.54081 -5.31783 8.5022 1.02821 -3.77702 7.47399 
66000 1.49516 -5.2715 8.72782 0.997749 -3.77633 7.73007 
# ioformat=2 N=1024 Dt=5.000000 columns=istep,ke,pe,p,T,Etot,W
67000 1.4156 -5.29496 8.53773 0.944655 -3.87936 7.59307 
68000 1.46351 -5.34851 8.28764 0.976628 -3.885 7.31101 
69000 1.52326 -5.34805 8.28621 1.0165 -3.82479 7.26971 
70000 1.46777 -5.25847 8.74635 0.979472 -3.7907 7.76688 
71000 1.47526 -5.2781 8.64626 0.984469 -3.80284 7.66179 
72000 1.50213 -5.30912 8.51378 1.0024 -3.807 7.51138 
73000 1.45026 -5.31577 8.39597 0.967785 -3.86551 7.42819 
74000 1.48212 -5.25697 8.78442 0.989048 -3.77485 7.79538 
# ioformat=2 N=1024 Dt=5.000000 columns=istep,ke,pe,p,T,Etot,W
75000 1.49434 -5.34573 8.30051 0.997198 -3.85139 7.30331 
76000 1.53119 -5.28904 8.60976 1.02179 -3.75785 7.58797 
77000 1.51751 -5.30225 8.55759 1.01266 -3.78475 7.54493 
78000 1.49585 -5.2916 8.59331 0.99821 -3.79575 7.5951 
79000 1.50762 -5.2645 8.75333 1.00606 -3.75688 7.74727 
80000 1.58246 -5.33025 8.44401 1.056 -3.74779 7.38801 
81000 1.49788 -5.27827 8.65118 0.999561 -3.78039 7.65162 
82000 1.51151 -5.27856 8.64559 1.00866 -3.76705 7.63693 
# ioformat=2 N=1024 Dt=5.000000 columns=istep,ke,pe,p,T,Etot,W
83000 1.57786 -5.36917 8.21244 1.05294 -3.7913 7.15951 
84000 1.47135 -5.35159 8.28289 0.981858 -3.88024 7.30103 
85000 1.57374 -5.27917 8.74649 1.05019 -3.70543 7.69631 
86000 1.57867 -5.28914 8.69071 1.05348 -3.71047 7.63724 
87000 1.51613 -5.30343 8.52406 1.01174 -3.7873 7.51232 
88000 1.52624 -5.26626 8.77178 1.01849 -3.74002 7.75329 
89000 1.50982 -5.2501 8.82605 1.00753 -3.74028 7.81852 
90000 1.49057 -5.26342 8.75249 0.994683 -3.77285 7.75781 
91000 1.49567 -5.31966 8.45012 0.998086 -3.82399 7.45203 
# ioformat=2 N=1024 Dt=5.000000 columns=istep,ke,pe,p,T,Etot,W
92000 1.48622 -5.34503 8.31667 0.991783 -3.85881 7.32489 
93000 1.44251 -5.28822 8.58727 0.962611 -3.84572 7.62466 
94000 1.49039 -5.29717 8.58901 0.994563 -3.80679 7.59444 
95000 1.5135 -5.25702 8.7387 1.00999 -3.74352 7.72871 
96000 1.47668 -5.34969 8.2906 0.985415 -3.87301 7.30519 
97000 1.4598 -5.27479 8.63256 0.974153 -3.81498 7.65841 
98000 1.49457 -5.27117 8.75585 0.997353 -3.7766 7.7585 
99000 1.48713 -5.33745 8.34202 0.992387 -3.85032 7.34964 
# ioformat=2 N=1024 Dt=5.000000 columns=istep,ke,pe,p,T,Etot,W
100000 1.52941 -5.3164 8.4837 1.0206 -3.78699 7.4631 
101000 1.48284 -5.3733 8.16061 0.989524 -3.89047 7.17108 
102000 1.47597 -5.30732 8.51519 0.984943 -3.83135 7.53025 
103000 1.46742 -5.30256 8.49864 0.979233 -3.83515 7.5194 
104000 1.53699 -5.25647 8.87874 1.02566 -3.71948 7.85308 
105000 1.53855 -5.30075 8.56422 1.02671 -3.7622 7.53752 
106000 1.45262 -5.28847 8.61133 0.969357 -3.83585 7.64197 
107000 1.53889 -5.28151 8.70547 1.02693 -3.74263 7.67854 
# ioformat=2 N=1024 Dt=5.000000 columns=istep,ke,pe,p,T,Etot,W
108000 1.54824 -5.35733 8.26616 1.03317 -3.80909 7.23299 
109000 1.51804 -5.25284 8.81153 1.01301 -3.7348 7.79852 
110000 1.47219 -5.29046 8.54805 0.982421 -3.81826 7.56563 
111000 1.4938 -5.25967 8.73706 0.996838 -3.76587 7.74022 
112000 1.43673 -5.32551 8.36492 0.958759 -3.88878 7.40617 
113000 1.52579 -5.31353 8.47039 1.01819 -3.78774 7.4522 
114000 1.44365 -5.30316 8.50317 0.963376 -3.85951 7.53979 
115000 1.45258 -5.27323 8.65198 0.969336 -3.82065 7.68265 
# ioformat=2 N=1024 Dt=5.000000 columns=istep,ke,pe,p,T,Etot,W
116000 1.55117 -5.28655 8.61391 1.03512 -3.73538 7.57878 
117000 1.51145 -5.22718 8.95143 1.00862 -3.71574 7.94281 
118000 1.54739 -5.33439 8.42772 1.0326 -3.787 7.39512 
119000 1.44091 -5.29632 8.53656 0.961547 -3.85541 7.57502 
120000 1.43084 -5.31078 8.45556 0.954829 -3.87993 7.50073 
121000 1.5596 -5.29086 8.63222 1.04075 -3.73126 7.59147 
122000 1.52541 -5.18369 9.24123 1.01794 -3.65828 8.22329 
123000 1.56658 -5.35416 8.32793 1.04541 -3.78758 7.28253 
# ioformat=2 N=1024 Dt=5.000000 columns=istep,ke,pe,p,T,Etot,W
124000 1.48427 -5.34034 8.31413 0.990479 -3.85607 7.32365 
125000 1.49231 -5.28977 8.61429 0.995844 -3.79747 7.61845 
126000 1.55076 -5.31393 8.5255 1.03485 -3.76317 7.49065 
127000 1.48319 -5.32951 8.37393 0.989763 -3.84632 7.38417 
128000 1.5201 -5.32838 8.44174 1.01439 -3.80828 7.42735 
129000 1.50429 -5.31892 8.49514 1.00384 -3.81463 7.4913 
130000 1.54778 -5.23656 8.87404 1.03286 -3.68877 7.84118 
131000 1.53353 -5.2675 8.71052 1.02335 -3.73396 7.68717 
132000 1.5157 -5.24311 8.8765 1.01146 -3.72741 7.86505 
# ioformat=2 N=1024 Dt=5.000000 columns=istep,ke,pe,p,T,Etot,W
133000 1.5036 -5.33678 8.40123 1.00338 -3.83317 7.39785 
134000 1.50516 -5.25777 8.78939 1.00442 -3.7526 7.78497 
135000 1.50672 -5.2883 8.56969 1.00547 -3.78157 7.56423 
136000 1.52802 -5.37653 8.17392 1.01967 -3.84852 7.15425 
137000 1.51219 -5.28633 8.64896 1.00911 -3.77414 7.63985 
138000 1.47111 -5.22069 8.95746 0.981701 -3.74958 7.97576 
139000 1.53359 -5.35532 8.24859 1.02339 -3.82174 7.22519 
140000 1.52287 -5.36772 8.24112 1.01624 -3.84485 7.22489 
# ioformat=2 N=1024 Dt=5.000000 columns=istep,ke,pe,p,T,Etot,W
141000 1.5379 -5.30818 8.56751 1.02627 -3.77028 7.54125 
142000 1.47871 -5.29971 8.52637 0.986772 -3.82099 7.5396 
143000 1.56221 -5.27375 8.70269 1.04249 -3.71154 7.6602 
144000 1.43421 -5.2203 8.93995 0.957074 -3.78609 7.98287 
145000 1.52581 -5.34687 8.33861 1.0182 -3.82106 7.32041 
146000 1.52459 -5.24045 8.8465 1.01738 -3.71586 7.82912 
147000 1.42828 -5.3414 8.33852 0.953114 -3.91313 7.3854 
148000 1.46648 -5.3155 8.43783 0.97861 -3.84902 7.45922 
# ioformat=2 N=1024 Dt=5.000000 columns=istep,ke,pe,p,T,Etot,W
149000 1.4543 -5.29945 8.48574 0.970483 -3.84514 7.51526 
150000 1.46219 -5.30965 8.46039 0.975748 -3.84746 7.48464 
151000 1.49217 -5.28302 8.67875 0.995756 -3.79085 7.68299 
152000 1.45251 -5.31759 8.38242 0.969286 -3.86508 7.41314 
153000 1.47985 -5.29411 8.61926 0.987532 -3.81426 7.63173 
154000 1.50566 -5.28464 8.63916 1.00476 -3.77898 7.63441 
155000 1.46605 -5.3026 8.51829 0.978322 -3.83655 7.53997 
156000 1.47635 -5.22756 8.95784 0.985195 -3.75121 7.97265 
# ioformat=2 N=1024 Dt=5.000000 columns=istep,ke,pe,p,T,Etot,W
157000 1.45269 -5.33449 8.30323 0.969405 -3.8818 7.33383 
158000 1.51082 -5.31444 8.53495 1.0082 -3.80362 7.52676 
159000 1.52791 -5.32992 8.41298 1.0196 -3.80202 7.39338 
160000 1.51473 -5.27664 8.71676 1.01081 -3.76191 7.70595 
161000 1.51224 -5.22731 8.94554 1.00914 -3.71507 7.9364 
162000 1.43052 -5.29222 8.54019 0.954612 -3.8617 7.58558 
163000 1.50573 -5.28577 8.61823 1.0048 -3.78004 7.61343 
164000 1.48328 -5.29838 8.60374 0.989817 -3.81511 7.61392 
# ioformat=2 N=1024 Dt=5.000000 columns=istep,ke,pe,p,T,Etot,W
165000 1.48455 -5.29786 8.57505 0.990666 -3.81331 7.58438 
166000 1.45026 -5.27066 8.71137 0.967788 -3.8204 7.74358 
167000 1.51012 -5.34152 8.2647 1.00773 -3.8314 7.25697 
168000 1.46582 -5.28241 8.6447 0.978168 -3.81659 7.66653 
169000 1.49792 -5.32292 8.414 0.999588 -3.825 7.41442 
170000 1.48419 -5.25964 8.7577 0.990428 -3.77545 7.76727 
171000 1.44086 -5.27196 8.65926 0.96151 -3.8311 7.69776 
172000 1.52571 -5.21964 9.01093 1.01813 -3.69393 7.9928 
173000 1.52087 -5.24636 8.8529 1.01491 -3.72549 7.838 
# ioformat=2 N=1024 Dt=5.000000 columns=istep,ke,pe,p,T,Etot,W
174000 1.54017 -5.28897 8.67553 1.02778 -3.7488 7.64774 
175000 1.50089 -5.2671 8.70103 1.00157 -3.76621 7.69946 
176000 1.51415 -5.25367 8.83747 1.01042 -3.73951 7.82705 
177000 1.55339 -5.1718 9.20128 1.0366 -3.61842 8.16468 
178000 1.48937 -5.38094 8.05556 0.993884 -3.89157 7.06168 
179000 1.51231 -5.30699 8.50301 1.00919 -3.79468 7.49382 
180000 1.4641 -5.27792 8.66726 0.977022 -3.81381 7.69024 
181000 1.54224 -5.34366 8.3961 1.02917 -3.80142 7.36693 
# ioformat=2 N=1024 Dt=5.000000 columns=istep,ke,pe,p,T,Etot,W
182000 1.49315 -5.28432 8.65031 0.996406 -3.79117 7.6539 
183000 1.4292 -5.1922 9.09476 0.953728 -3.763 8.14104 
184000 1.53663 -5.36399 8.2799 1.02542 -3.82736 7.25448 
185000 1.50823 -5.36153 8.25081 1.00647 -3.8533 7.24434 
186000 1.44111 -5.27311 8.60956 0.961681 -3.832 7.64788 
187000 1.51148 -5.27742 8.6807 1.00864 -3.76594 7.67207 
188000 1.49474 -5.30984 8.48421 0.997468 -3.8151 7.48675 
189000 1.53077 -5.31496 8.48098 1.02151 -3.78418 7.45947 
# ioformat=2 N=1024 Dt=5.000000 columns=istep,ke,pe,p,T,Etot,W
190000 1.48018 -5.27707 8.64105 0.987752 -3.79689 7.6533 
191000 1.5193 -5.27184 8.66265 1.01386 -3.75254 7.64879 
192000 1.49927 -5.26754 8.73446 1.00049 -3.76827 7.73397 
193000 1.57561 -5.27982 8.73871 1.05143 -3.70422 7.68727 
194000 1.49464 -5.30186 8.57674 0.997401 -3.80722 7.57934 
195000 1.46529 -5.24672 8.79585 0.977814 -3.78143 7.81804 
196000 1.56652 -5.32729 8.46694 1.04537 -3.76077 7.42157 
197000 1.52962 -5.33901 8.3719 1.02074 -3.80938 7.35116 
# ioformat=2 N=1024 Dt=5.000000 columns=istep,ke,pe,p,T,Etot,W
198000 1.49651 -5.26652 8.72489 0.998649 -3.77001 7.72624 
199000 1.50503 -5.34069 8.36899 1.00434 -3.83566 7.36466 
200000 1.50454 -5.34151 8.40367 1.00401 -3.83696 7.39966 
201000 1.51216 -5.31578 8.45687 1.00909 -3.80362 7.44778 
202000 1.5242 -5.31228 8.48199 1.01713 -3.78807 7.46486 
203000 1.50235 -5.32306 8.46372 1.00255 -3.82071 7.46118 
204000 1.50598 -5.29108 8.62917 1.00497 -3.78511 7.62421 
205000 1.52459 -5.28225 8.63129 1.01739 -3.75766 7.6139 
# ioformat=2 N=1024 Dt=5.000000 columns=istep,ke,pe,p,T,Etot,W
206000 1.53945 -5.32635 8.40612 1.0273 -3.7869 7.37881 
207000 1.52958 -5.33317 8.39341 1.02072 -3.80359 7.37269 
208000 1.46388 -5.2209 8.96036 0.976875 -3.75702 7.98349 
209000 1.49688 -5.29854 8.5313 0.998895 -3.80166 7.53241 
210000 1.45037 -5.33641 8.32497 0.967858 -3.88604 7.35711 
211000 1.43446 -5.28881 8.59515 0.95724 -3.85435 7.63791 
212000 1.46326 -5.34381 8.30522 0.976462 -3.88055 7.32875 
213000 1.50793 -5.29216 8.56178 1.00627 -3.78423 7.55551 
# ioformat=2 N=1024 Dt=5.000000 columns=istep,ke,pe,p,T,Etot,W
214000 1.60773 -5.29799 8.64306 1.07287 -3.69026 7.57019 
215000 1.48018 -5.30895 8.51534 0.987748 -3.82877 7.5276 
216000 1.49882 -5.31156 8.43461 1.00019 -3.81274 7.43442 
217000 1.53302 -5.33165 8.37907 1.02301 -3.79863 7.35606 
218000 1.45068 -5.3481 8.28259 0.968068 -3.89742 7.31453 
219000 1.52451 -5.24427 8.86367 1.01733 -3.71976 7.84634 
220000 1.41986 -5.28079 8.5952 0.947501 -3.86093 7.6477 
221000 1.47132 -5.20711 8.97239 0.981837 -3.7358 7.99056 
222000 1.43692 -5.26159 8.75421 0.958886 -3.82467 7.79532 
# ioformat=2 N=1024 Dt=5.000000 columns=istep,ke,pe,p,T,Etot,W
223000 1.48905 -5.2421 8.895 0.993672 -3.75305 7.90132 
224000 1.48473 -5.32986 8.41166 0.990789 -3.84513 7.42088 
225000 1.50869 -5.31052 8.49809 1.00677 -3.80184 7.49132 
226000 1.46119 -5.34287 8.35915 0.975082 -3.88168 7.38407 
227000 1.51722 -5.30552 8.53893 1.01247 -3.78831 7.52646 
228000 1.48496 -5.30133 8.51396 0.99094 -3.81637 7.52302 
229000 1.43372 -5.31426 8.39754 0.956751 -3.88054 7.44079 
230000 1.51788 -5.27006 8.69709 1.01291 -3.75219 7.68418 
# ioformat=2 N=1024 Dt=5.000000 columns=istep,ke,pe,p,T,Etot,W
231000 1.5008 -5.27126 8.73125 1.00151 -3.77046 7.72974 
232000 1.49366 -5.27805 8.68031 0.996747 -3.78439 7.68356 
233000 1.50623 -5.29614 8.58265 1.00514 -3.78991 7.57752 
234000 1.51044 -5.27575 8.65459 1.00795 -3.76531 7.64665 
235000 1.48629 -5.28459 8.63801 0.991827 -3.7983 7.64618 
236000 1.46162 -5.28274 8.60525 0.975366 -3.82112 7.62989 
237000 1.45686 -5.27415 8.64726 0.972191 -3.81729 7.67507 
238000 1.4998 -5.26483 8.72593 1.00085 -3.76503 7.72509 
# ioformat=2 N=1024 Dt=5.000000 columns=istep,ke,pe,p,T,Etot,W
239000 1.51313 -5.36869 8.22505 1.00974 -3.85556 7.21531 
240000 1.43433 -5.31977 8.37539 0.957153 -3.88544 7.41824 
241000 1.47657 -5.26488 8.7076 0.985345 -3.78831 7.72225 
242000 1.50034 -5.26425 8.75886 1.0012 -3.76391 7.75766 
243000 1.45831 -5.2981 8.56225 0.973154 -3.83979 7.5891 
244000 1.49456 -5.33967 8.34347 0.997348 -3.84511 7.34613 
245000 1.55357 -5.30397 8.62068 1.03673 -3.75039 7.58395 
246000 1.44081 -5.305 8.47723 0.961477 -3.86419 7.51575 
# ioformat=2 N=1024 Dt=5.000000 columns=istep,ke,pe,p,T,Etot,W
247000 1.53629 -5.26779 8.74019 1.0252 -3.7315 7.71499 
248000 1.50926 -5.22648 8.95589 1.00715 -3.71722 7.94874 
249000 1.4631 -5.34828 8.23749 0.976351 -3.88519 7.26114 
250000 1.54097 -5.30794 8.53537 1.02832 -3.76697 7.50705 
251000 1.536 -5.29419 8.70046 1.025 -3.75819 7.67546 
252000 1.43592 -5.28203 8.59579 0.958217 -3.8461 7.63757 
253000 1.55588 -5.29347 8.5896 1.03827 -3.73759 7.55133 
254000 1.50404 -5.29181 8.59267 1.00368 -3.78777 7.589 
# ioformat=2 N=1024 Dt=5.000000 columns=istep,ke,pe,p,T,Etot,W
255000 1.45947 -5.33969 8.32128 0.973929 -3.88022 7.34735 
256000 1.5721 -5.30701 8.55008 1.04909 -3.73491 7.50099 
257000 1.52703 -5.28451 8.67042 1.01901 -3.75748 7.6514 
258000 1.5039 -5.24691 8.80889 1.00358 -3.74302 7.80531 
259000 1.46242 -5.31647 8.46848 0.9759 -3.85405 7.49258 
260000 1.43994 -5.30669 8.50775 0.9609 -3.86674 7.54685 
261000 1.49235 -5.27343 8.65412 0.995875 -3.78108 7.65825 
262000 1.51735 -5.24494 8.88024 1.01255 -3.7276 7.86769 
263000 1.58823 -5.34432 8.41148 1.05985 -3.75609 7.35163 
# ioformat=2 N=1024 Dt=5.000000 columns=istep,ke,pe,p,T,Etot,W
264000 1.47398 -5.29333 8.55169 0.983615 -3.81935 7.56807 
265000 1.52052 -5.28809 8.61631 1.01467 -3.76756 7.60164 
266000 1.44762 -5.25497 8.73102 0.966021 -3.80735 7.765 
267000 1.47374 -5.2446 8.81736 0.983455 -3.77086 7.8339 
268000 1.47357 -5.33794 8.33952 0.983341 -3.86437 7.35618 
269000 1.4801 -5.25845 8.75954 0.987698 -3.77835 7.77184 
270000 1.54484 -5.32493 8.50243 1.0309 -3.78008 7.47153 
271000 1.47042 -5.33328 8.38389 0.981236 -3.86286 7.40266 
# ioformat=2 N=1024 Dt=5.000000 columns=istep,ke,pe,p,T,Etot,W
272000 1.55421 -5.30401 8.58237 1.03715 -3.7498 7.54522 
273000 1.46838 -5.31252 8.51949 0.979878 -3.84414 7.53962 
274000 1.42341 -5.23651 8.79414 0.949869 -3.8131 7.84427 
275000 1.51016 -5.29014 8.62252 1.00776 -3.77997 7.61476 
276000 1.48697 -5.30186 8.57374 0.992285 -3.81488 7.58145 
277000 1.46775 -5.2608 8.75702 0.979454 -3.79305 7.77757 
278000 1.58572 -5.29679 8.63672 1.05818 -3.71107 7.57854 
279000 1.52634 -5.34524 8.3174 1.01856 -3.81889 7.29885 
# ioformat=2 N=1024 Dt=5.000000 columns=istep,ke,pe,p,T,Etot,W
280000 1.501 -5.31 8.52856 1.00164 -3.809 7.52692 
281000 1.45756 -5.29781 8.51573 0.97266 -3.84025 7.54307 
282000 1.50464 -5.27526 8.71487 1.00407 -3.77062 7.7108 
283000 1.50949 -5.2629 8.7711 1.00731 -3.7534 7.76379 
284000 1.52338 -5.34747 8.35734 1.01658 -3.82408 7.34076 
285000 1.51273 -5.31149 8.51493 1.00947 -3.79876 7.50546 
286000 1.50354 -5.28594 8.65093 1.00334 -3.78241 7.6476 
287000 1.48105 -5.27789 8.69472 0.988329 -3.79685 7.70639 
# ioformat=2 N=1024 Dt=5.000000 columns=istep,ke,pe,p,T,Etot,W
288000 1.48526 -5.24646 8.82165 0.991142 -3.76119 7.83051 
289000 1.48402 -5.34385 8.35214 0.990311 -3.85983 7.36183 
290000 1.44359 -5.3141 8.46155 0.963337 -3.87051 7.49822 
291000 1.49523 -5.28946 8.62033 0.997796 -3.79422 7.62253 
292000 1.56006 -5.35933 8.28882 1.04106 -3.79927 7.24776 
293000 1.45857 -5.28218 8.61156 0.973334 -3.8236 7.63823 
294000 1.50332 -5.3494 8.31429 1.00319 -3.84608 7.31109 
295000 1.50087 -5.30468 8.50432 1.00156 -3.80381 7.50276 
# ioformat=2 N=1024 Dt=5.000000 columns=istep,ke,pe,p,T,Etot,W
296000 1.49978 -5.28863 8.63795 1.00083 -3.78885 7.63712 
297000 1.46445 -5.25651 8.71813 0.977256 -3.79205 7.74088 
298000 1.51962 -5.22934 8.91615 1.01407 -3.70972 7.90208 
299000 1.51192 -5.22596 8.95158 1.00893 -3.71404 7.94266 
300000 1.50846 -5.26648 8.73146 1.00662 -3.75802 7.72484 
301000 1.46611 -5.2274 8.93824 0.978361 -3.76129 7.95988 
302000 1.50899 -5.26425 8.67655 1.00698 -3.75526 7.66957 
303000 1.4597 -5.28656 8.59425 0.974082 -3.82686 7.62017 
304000 1.55063 -5.22879 8.95713 1.03476 -3.67816 7.92237 
# ioformat=2 N=1024 Dt=5.000000 columns=istep,ke,pe,p,T,Etot,W
305000 1.51269 -5.2963 8.5862 1.00944 -3.78361 7.57675 
306000 1.48466 -5.26672 8.69806 0.990744 -3.78206 7.70732 
307000 1.46805 -5.26561 8.73552 0.97966 -3.79755 7.75587 
308000 1.53954 -5.35276 8.22845 1.02736 -3.81322 7.20109 
309000 1.45857 -5.25437 8.76205 0.973333 -3.79579 7.78872 
310000 1.50274 -5.33757 8.29244 1.0028 -3.83483 7.28963 
311000 1.48605 -5.23099 8.87399 0.991666 -3.74494 7.88233 
312000 1.46138 -5.28801 8.59651 0.975203 -3.82663 7.62131 
# ioformat=2 N=1024 Dt=5.000000 columns=istep,ke,pe,p,T,Etot,W
313000 1.51666 -5.35077 8.31892 1.0121 -3.83411 7.30682 
314000 1.43866 -5.28076 8.61333 0.960043 -3.8421 7.65329 
315000 1.51295 -5.26321 8.73448 1.00962 -3.75025 7.72486 
316000 1.52191 -5.27996 8.64229 1.0156 -3.75806 7.62669 
317000 1.43453 -5.28471 8.59544 0.957289 -3.85018 7.63816 
318000 1.44298 -5.2742 8.6896 0.962927 -3.83122 7.72668 
319000 1.47998 -5.2706 8.71393 0.987618 -3.79062 7.72631 
320000 1.48279 -5.3102 8.50314 0.989492 -3.82741 7.51365 
# ioformat=2 N=1024 Dt=5.000000 columns=istep,ke,pe,p,T,Etot,W
321000 1.49818 -5.34908 8.2708 0.999761 -3.8509 7.27104 
322000 1.51514 -5.26754 8.72381 1.01108 -3.75239 7.71273 
323000 1.48282 -5.30445 8.4768 0.989516 -3.82162 7.48728 
324000 1.48971 -5.33052 8.40339 0.994113 -3.84081 7.40928 
325000 1.42808 -5.32083 8.37469 0.952984 -3.89275 7.42171 
326000 1.47517 -5.30302 8.52626 0.984406 -3.82785 7.54186 
327000 1.51058 -5.39305 8.05587 1.00804 -3.88247 7.04783 
328000 1.51594 -5.3307 8.41803 1.01161 -3.81476 7.40642 
# ioformat=2 N=1024 Dt=5.000000 columns=istep,ke,pe,p,T,Etot,W
329000 1.44696 -5.31586 8.42804 0.96558 -3.8689 7.46246 
330000 1.50159 -5.25048 8.81941 1.00204 -3.74889 7.81737 
331000 1.45441 -5.24161 8.799 0.970553 -3.7872 7.82845 
332000 1.50327 -5.3382 8.38887 1.00316 -3.83493 7.38572 
333000 1.591 -5.31953 8.50985 1.0617 -3.72853 7.44815 
334000 1.4848 -5.30848 8.53151 0.990837 -3.82368 7.54068 
335000 1.40918 -5.31542 8.37019 0.940373 -3.90624 7.42982 
336000 1.47193 -5.31255 8.45162 0.982244 -3.84062 7.46938 
# ioformat=2 N=1024 Dt=5.000000 columns=istep,ke,pe,p,T,Etot,W
337000 1.4643 -5.24467 8.80563 0.977153 -3.78037 7.82847 
338000 1.49532 -5.35672 8.23767 0.997853 -3.8614 7.23982 
339000 1.44152 -5.31919 8.40617 0.961955 -3.87766 7.44421 
340000 1.48288 -5.24946 8.80836 0.989556 -3.76657 7.8188 
341000 1.49656 -5.3316 8.40948 0.998681 -3.83504 7.4108 
342000 1.54017 -5.26599 8.77385 1.02778 -3.72582 7.74607 
343000 1.53664 -5.26625 8.74624 1.02543 -3.72961 7.72081 
344000 1.53867 -5.29254 8.6407 1.02678 -3.75387 7.61392 
345000 1.48585 -5.3097 8.46364 0.991535 -3.82385 7.4721 
# ioformat=2 N=1024 Dt=5.000000 columns=istep,ke,pe,p,T,Etot,W
346000 1.58125 -5.26741 8.78612 1.05519 -3.68617 7.73092 
347000 1.47379 -5.26885 8.64884 0.98349 -3.79506 7.66535 
348000 1.50989 -5.29175 8.58208 1.00758 -3.78186 7.5745 
349000 1.47464 -5.30901 8.44393 0.984057 -3.83436 7.45987 
350000 1.53297 -5.28902 8.67393 1.02298 -3.75604 7.65095 
351000 1.51508 -5.29419 8.58409 1.01104 -3.77911 7.57305 
352000 1.46611 -5.29075 8.5852 0.978364 -3.82464 7.60683 
353000 1.52658 -5.32363 8.46939 1.01872 -3.79705 7.45068 
# ioformat=2 N=1024 Dt=5.000000 columns=istep,ke,pe,p,T,Etot,W
354000 1.55401 -5.29989 8.61884 1.03702 -3.74588 7.58183 
355000 1.51466 -5.31385 8.47937 1.01076 -3.7992 7.46861 
356000 1.4864 -5.29585 8.58269 0.991903 -3.80945 7.59079 
357000 1.50719 -5.33414 8.38862 1.00578 -3.82695 7.38285 
358000 1.52353 -5.34622 8.32748 1.01668 -3.82269 7.31081 
359000 1.58605 -5.27976 8.67945 1.0584 -3.69371 7.62105 
360000 1.52547 -5.27063 8.73927 1.01797 -3.74516 7.7213 
361000 1.48706 -5.31655 8.46049 0.99234 -3.82949 7.46815 
# ioformat=2 N=1024 Dt=5.000000 columns=istep,ke,pe,p,T,Etot,W
362000 1.46127 -5.31174 8.44496 0.975132 -3.85047 7.46983 
363000 1.45595 -5.32207 8.41775 0.971585 -3.86612 7.44617 
364000 1.54967 -5.27038 8.77726 1.03412 -3.72072 7.74314 
365000 1.48779 -5.30259 8.55061 0.992827 -3.81481 7.55778 
366000 1.43846 -5.28605 8.60345 0.959908 -3.84759 7.64355 
367000 1.49751 -5.32586 8.43583 0.999317 -3.82834 7.43652 
368000 1.47263 -5.3233 8.44538 0.982713 -3.85067 7.46266 
369000 1.48153 -5.34036 8.38444 0.988652 -3.85883 7.39579 
# ioformat=2 N=1024 Dt=5.000000 columns=istep,ke,pe,p,T,Etot,W
370000 1.54348 -5.37825 8.16612 1.02999 -3.83477 7.13613 
371000 1.40538 -5.32053 8.30407 0.937836 -3.91515 7.36623 
372000 1.50916 -5.3535 8.27709 1.00709 -3.84434 7.27 
373000 1.49348 -5.23127 8.92566 0.996624 -3.73779 7.92903 
374000 1.47545 -5.3115 8.46359 0.984597 -3.83605 7.47899 
375000 1.5106 -5.28593 8.60495 1.00805 -3.77533 7.5969 
376000 1.53669 -5.277 8.68568 1.02546 -3.74031 7.66023 
377000 1.49381 -5.28522 8.64619 0.99685 -3.7914 7.64934 
# ioformat=2 N=1024 Dt=5.000000 columns=istep,ke,pe,p,T,Etot,W
378000 1.49617 -5.27405 8.63918 0.998421 -3.77788 7.64076 
379000 1.44224 -5.34802 8.27737 0.962434 -3.90578 7.31494 
380000 1.53515 -5.27458 8.75058 1.02443 -3.73943 7.72615 
381000 1.45082 -5.31952 8.40231 0.968156 -3.86871 7.43415 
382000 1.44581 -5.25214 8.79703 0.964815 -3.80633 7.83221 
383000 1.50639 -5.36066 8.2419 1.00524 -3.85427 7.23666 
384000 1.5593 -5.24607 8.8673 1.04055 -3.68677 7.82676 
385000 1.5123 -5.21176 9.04963 1.00919 -3.69946 8.04044 
386000 1.50055 -5.31213 8.48875 1.00134 -3.81158 7.4874 
# ioformat=2 N=1024 Dt=5.000000 columns=istep,ke,pe,p,T,Etot,W
387000 1.51188 -5.22062 8.93432 1.0089 -3.70874 7.92542 
388000 1.54229 -5.37402 8.17131 1.0292 -3.83172 7.14211 
389000 1.55788 -5.32953 8.44635 1.0396 -3.77165 7.40675 
390000 1.57265 -5.33953 8.35926 1.04946 -3.76688 7.3098 
391000 1.4515 -5.23067 8.87591 0.96861 -3.77917 7.9073 
392000 1.4847 -5.28397 8.62638 0.990769 -3.79927 7.63561 
393000 1.47659 -5.23828 8.86514 0.985357 -3.76169 7.87979 
394000 1.48292 -5.30644 8.48683 0.989578 -3.82352 7.49725 
# ioformat=2 N=1024 Dt=5.000000 columns=istep,ke,pe,p,T,Etot,W
395000 1.43921 -5.29777 8.53726 0.960413 -3.85855 7.57685 
396000 1.46899 -5.22322 8.91752 0.980287 -3.75422 7.93723 
397000 1.45711 -5.32644 8.40216 0.972356 -3.86933 7.42981 
398000 1.53806 -5.33383 8.43252 1.02637 -3.79577 7.40615 
399000 1.48813 -5.37838 8.14908 0.99306 -3.89024 7.15602 
400000 1.5536 -5.26263 8.81271 1.03675 -3.70903 7.77596 
401000 1.45037 -5.27049 8.63039 0.967856 -3.82013 7.66254 
402000 1.5223 -5.25616 8.75935 1.01586 -3.73386 7.74349 
# ioformat=2 N=1024 Dt=5.000000 columns=istep,ke,pe,p,T,Etot,W
403000 1.50483 -5.25369 8.79602 1.0042 -3.74885 7.79182 
404000 1.51683 -5.2878 8.57668 1.01221 -3.77097 7.56447 
405000 1.52311 -5.25672 8.78612 1.0164 -3.73361 7.76972 
406000 1.52782 -5.36771 8.23188 1.01954 -3.83989 7.21234 
407000 1.481 -5.30126 8.50653 0.988298 -3.82026 7.51823 
408000 1.52202 -5.26608 8.76714 1.01567 -3.74406 7.75147 
409000 1.52392 -5.2555 8.80402 1.01694 -3.73158 7.78708 
410000 1.44502 -5.28479 8.63757 0.96429 -3.83977 7.67328 
# ioformat=2 N=1024 Dt=5.000000 columns=istep,ke,pe,p,T,Etot,W
411000 1.51607 -5.31252 8.49317 1.0117 -3.79645 7.48147 
412000 1.47709 -5.33244 8.39159 0.985687 -3.85536 7.4059 
413000 1.44337 -5.34549 8.26219 0.963189 -3.90212 7.299 
414000 1.51246 -5.3033 8.51623 1.00929 -3.79084 7.50693 
415000 1.51021 -5.35491 8.34055 1.00779 -3.84471 7.33276 
416000 1.49542 -5.30441 8.53737 0.997922 -3.80899 7.53945 
417000 1.51475 -5.26928 8.70296 1.01082 -3.75453 7.69214 
418000 1.56977 -5.31855 8.47532 1.04754 -3.74877 7.42778 
# ioformat=2 N=1024 Dt=5.000000 columns=istep,ke,pe,p,T,Etot,W
419000 1.5196 -5.38104 8.14239 1.01406 -3.86144 7.12833 
420000 1.59818 -5.28854 8.70904 1.06649 -3.69036 7.64255 
421000 1.48775 -5.32059 8.43408 0.992801 -3.83284 7.44128 
422000 1.45776 -5.34817 8.29068 0.97279 -3.89041 7.31789 
423000 1.54797 -5.24286 8.89307 1.03299 -3.6949 7.86009 
424000 1.5149 -5.32452 8.40917 1.01092 -3.80962 7.39824 
425000 1.55699 -5.31601 8.49336 1.03901 -3.75902 7.45435 
426000 1.47185 -5.24127 8.82498 0.982191 -3.76942 7.84279 
# ioformat=2 N=1024 Dt=5.000000 columns=istep,ke,pe,p,T,Etot,W
427000 1.48884 -5.22958 8.92533 0.993529 -3.74074 7.9318 
428000 1.50361 -5.24874 8.81047 1.00339 -3.74513 7.80708 
429000 1.47782 -5.29688 8.60931 0.986178 -3.81906 7.62313 
430000 1.55329 -5.33004 8.44028 1.03654 -3.77676 7.40374 
431000 1.522 -5.22095 8.97361 1.01566 -3.69895 7.95795 
432000 1.50278 -5.32566 8.41826 1.00283 -3.82288 7.41544 
433000 1.44354 -5.30747 8.46895 0.963298 -3.86393 7.50565 
434000 1.44609 -5.25155 8.81499 0.965004 -3.80545 7.84999 
435000 1.53012 -5.27842 8.65492 1.02108 -3.7483 7.63384 
# ioformat=2 N=1024 Dt=5.000000 columns=istep,ke,pe,p,T,Etot,W
436000 1.52627 -5.25363 8.8223 1.01851 -3.72736 7.8038 
437000 1.5118 -5.24503 8.80419 1.00885 -3.73323 7.79534 
438000 1.46186 -5.29662 8.52513 0.975527 -3.83476 7.5496 
439000 1.48999 -5.26179 8.73911 0.9943 -3.77179 7.74481 
440000 1.49468 -5.35689 8.26901 0.997428 -3.86221 7.27159 
441000 1.51288 -5.30616 8.55725 1.00957 -3.79328 7.54768 
442000 1.4591 -5.31671 8.49703 0.973685 -3.85761 7.52335 
443000 1.48988 -5.22922 8.92938 0.994224 -3.73934 7.93516 
# ioformat=2 N=1024 Dt=5.000000 columns=istep,ke,pe,p,T,Etot,W
444000 1.48179 -5.25143 8.79707 0.988826 -3.76964 7.80824 
445000 1.37322 -5.35045 8.23419 0.916372 -3.97723 7.31782 
446000 1.4792 -5.28519 8.63537 0.987095 -3.806 7.64828 
447000 1.46576 -5.26716 8.7274 0.978129 -3.8014 7.74927 
448000 1.43973 -5.3329 8.30718 0.960761 -3.89317 7.34642 
449000 1.49127 -5.27261 8.68061 0.995151 -3.78134 7.68546 
450000 1.49191 -5.2963 8.53695 0.995577 -3.8044 7.54137 
451000 1.47694 -5.25792 8.74478 0.985588 -3.78098 7.75919 
# ioformat=2 N=1024 Dt=5.000000 columns=istep,ke,pe,p,T,Etot,W
452000 1.54828 -5.27296 8.72158 1.0332 -3.72468 7.68839 
453000 1.4697 -5.34398 8.34531 0.980755 -3.87428 7.36456 
454000 1.47227 -5.28858 8.58166 0.982475 -3.81631 7.59918 
455000 1.56525 -5.2766 8.72204 1.04452 -3.71134 7.67752 
456000 1.45134 -5.24048 8.84181 0.968506 -3.78914 7.87331 
457000 1.545 -5.26054 8.80351 1.03101 -3.71554 7.7725 
458000 1.5059 -5.28858 8.66825 1.00492 -3.78268 7.66334 
459000 1.47624 -5.23902 8.85204 0.985124 -3.76277 7.86692 
# ioformat=2 N=1024 Dt=5.000000 columns=istep,ke,pe,p,T,Etot,W
460000 1.45227 -5.33108 8.35194 0.969126 -3.87881 7.38281 
461000 1.44319 -5.27717 8.61944 0.963066 -3.83398 7.65637 
462000 1.55067 -5.37521 8.19202 1.03479 -3.82454 7.15722 
463000 1.5839 -5.28872 8.65482 1.05696 -3.70482 7.59786 
464000 1.4671 -5.28823 8.58802 0.979025 -3.82113 7.60899 
465000 1.44783 -5.31541 8.43813 0.966161 -3.86758 7.47197 
466000 1.54283 -5.29933 8.61777 1.02956 -3.7565 7.58821 
467000 1.5032 -5.32394 8.37557 1.00311 -3.82074 7.37246 
# ioformat=2 N=1024 Dt=5.000000 columns=istep,ke,pe,p,T,Etot,W
468000 1.45573 -5.2858 8.58404 0.971434 -3.83007 7.61261 
469000 1.50686 -5.30522 8.52649 1.00555 -3.79836 7.52094 
470000 1.49323 -5.29921 8.54134 0.99646 -3.80598 7.54488 
471000 1.4588 -5.269 8.65141 0.973486 -3.8102 7.67792 
472000 1.48704 -5.32278 8.42164 0.99233 -3.83574 7.42932 
473000 1.45747 -5.27177 8.6593 0.972597 -3.8143 7.68671 
474000 1.48192 -5.28697 8.61259 0.988916 -3.80505 7.62368 
475000 1.51488 -5.35634 8.26161 1.01091 -3.84146 7.2507 
476000 1.49026 -5.29549 8.58438 0.994477 -3.80523 7.5899 
# ioformat=2 N=1024 Dt=5.000000 columns=istep,ke,pe,p,T,Etot,W
477000 1.55713 -5.2964 8.56655 1.0391 -3.73927 7.52745 
478000 1.50179 -5.28233 8.65966 1.00217 -3.78055 7.65749 
479000 1.51652 -5.31655 8.48403 1.012 -3.80003 7.47203 
480000 1.455 -5.25598 8.79044 0.970951 -3.80097 7.81949 
481000 1.53215 -5.35238 8.31313 1.02243 -3.82023 7.2907 
482000 1.5335 -5.3102 8.53409 1.02333 -3.7767 7.51076 
483000 1.50113 -5.1832 9.16922 1.00173 -3.68206 8.16748 
484000 1.55528 -5.32158 8.46794 1.03787 -3.7663 7.43007 
# ioformat=2 N=1024 Dt=5.000000 columns=istep,ke,pe,p,T,Etot,W
485000 1.45789 -5.21531 9.02371 0.972876 -3.75742 8.05083 
486000 1.49515 -5.26075 8.76521 0.997741 -3.7656 7.76747 
487000 1.50878 -5.23685 8.9051 1.00684 -3.72807 7.89827 
488000 1.477 -5.36625 8.18898 0.985632 -3.88924 7.20335 
489000 1.51207 -5.32978 8.38709 1.00903 -3.81771 7.37805 
490000 1.51088 -5.24647 8.88176 1.00824 -3.73559 7.87353 
491000 1.49299 -5.34472 8.30957 0.9963 -3.85173 7.31327 
492000 1.54688 -5.32181 8.48307 1.03226 -3.77493 7.45081 
# ioformat=2 N=1024 Dt=5.000000 columns=istep,ke,pe,p,T,Etot,W
493000 1.51062 -5.28425 8.65815 1.00806 -3.77363 7.65009 
494000 1.49401 -5.26944 8.70302 0.996979 -3.77544 7.70604 
495000 1.50497 -5.33258 8.34117 1.00429 -3.82761 7.33688 
496000 1.55635 -5.30674 8.58865 1.03858 -3.75039 7.55007 
497000 1.52175 -5.30377 8.55265 1.01549 -3.78202 7.53716 
498000 1.51465 -5.26545 8.73751 1.01075 -3.75081 7.72675 
499000 1.41281 -5.2959 8.52406 0.942792 -3.88309 7.58127 
500000 1.46919 -5.29462 8.58221 0.980416 -3.82543 7.60179 
# ioformat=2 N=1024 Dt=5.000000 columns=istep,ke,pe,p,T,Etot,W
501000 1.60066 -5.28776 8.69605 1.06815 -3.6871 7.6279 
502000 1.51058 -5.35856 8.30216 1.00804 -3.84798 7.29413 
503000 1.51201 -5.26242 8.73471 1.00899 -3.75041 7.72572 
504000 1.48462 -5.27735 8.65617 0.990713 -3.79274 7.66546 
505000 1.43289 -5.28523 8.55348 0.956197 -3.85234 7.59729 
506000 1.53655 -5.30996 8.5171 1.02537 -3.77341 7.49173 
507000 1.46674 -5.27311 8.68355 0.978785 -3.80637 7.70477 
508000 1.46889 -5.33816 8.35257 0.980216 -3.86927 7.37235 
# ioformat=2 N=1024 Dt=5.000000 columns=istep,ke,pe,p,T,Etot,W
509000 1.4301 -5.27301 8.65134 0.954334 -3.8429 7.69701 
510000 1.51902 -5.29185 8.63471 1.01367 -3.77283 7.62104 
511000 1.54851 -5.33288 8.41758 1.03335 -3.78437 7.38423 
512000 1.48364 -5.28377 8.63026 0.990059 -3.80013 7.6402 
513000 1.51455 -5.29002 8.57619 1.01068 -3.77547 7.56551 
514000 1.57601 -5.3218 8.4924 1.0517 -3.74579 7.4407 
515000 1.52218 -5.25958 8.79488 1.01578 -3.73739 7.7791 
516000 1.51584 -5.28976 8.58458 1.01155 -3.77393 7.57303 
517000 1.4551 -5.35158 8.2263 0.971012 -3.89649 7.25529 
# ioformat=2 N=1024 Dt=5.000000 columns=istep,ke,pe,p,T,Etot,W
518000 1.47753 -5.31152 8.46574 0.985985 -3.83399 7.47976 
519000 1.46508 -5.26288 8.73984 0.977673 -3.7978 7.76217 
520000 1.50184 -5.32565 8.46945 1.00221 -3.82381 7.46724 
521000 1.58142 -5.27798 8.70879 1.05531 -3.69655 7.65348 
522000 1.51811 -5.29758 8.58966 1.01306 -3.77947 7.57661 
523000 1.45226 -5.3222 8.40646 0.96912 -3.86994 7.43734 
524000 1.48735 -5.27968 8.66054 0.992535 -3.79233 7.668 
525000 1.47009 -5.28543 8.63486 0.981017 -3.81535 7.65384 
# ioformat=2 N=1024 Dt=5.000000 columns=istep,ke,pe,p,T,Etot,W
526000 1.5061 -5.29703 8.55561 1.00505 -3.79093 7.55056 
527000 1.49542 -5.29854 8.55509 0.997922 -3.80311 7.55717 
528000 1.48778 -5.24488 8.83874 0.992824 -3.7571 7.84591 
529000 1.54519 -5.27075 8.74714 1.03113 -3.72556 7.716 
530000 1.54668 -5.32964 8.45245 1.03213 -3.78296 7.42032 
531000 1.49924 -5.2315 8.89011 1.00047 -3.73226 7.88964 
532000 1.5169 -5.28626 8.6409 1.01225 -3.76936 7.62865 
533000 1.42379 -5.31095 8.47426 0.950124 -3.88715 7.52414 
# ioformat=2 N=1024 Dt=5.000000 columns=istep,ke,pe,p,T,Etot,W
534000 1.45162 -5.30099 8.51449 0.968694 -3.84937 7.5458 
535000 1.48593 -5.33937 8.37293 0.991589 -3.85343 7.38134 
536000 1.45399 -5.27871 8.57436 0.970276 -3.82472 7.60409 
537000 1.47414 -5.29456 8.57515 0.983724 -3.82042 7.59143 
538000 1.58113 -5.33403 8.41244 1.05512 -3.7529 7.35733 
539000 1.47865 -5.28375 8.60997 0.986731 -3.80509 7.62324 
540000 1.52575 -5.28346 8.65102 1.01816 -3.75771 7.63286 
541000 1.47937 -5.35838 8.22242 0.987214 -3.87901 7.23521 
# ioformat=2 N=1024 Dt=5.000000 columns=istep,ke,pe,p,T,Etot,W
542000 1.49582 -5.23875 8.8778 0.998191 -3.74293 7.87961 
543000 1.48018 -5.25179 8.77484 0.987751 -3.77161 7.78709 
544000 1.48016 -5.34369 8.32118 0.987735 -3.86353 7.33345 
545000 1.46914 -5.23334 8.87792 0.980385 -3.7642 7.89753 
546000 1.51744 -5.27769 8.6924 1.01261 -3.76025 7.67978 
547000 1.54525 -5.26648 8.8262 1.03118 -3.72122 7.79502 
548000 1.44537 -5.32851 8.36016 0.964521 -3.88314 7.39564 
549000 1.48238 -5.3263 8.39439 0.989221 -3.84391 7.40517 
# ioformat=2 N=1024 Dt=5.000000 columns=istep,ke,pe,p,T,Etot,W
550000 1.51444 -5.25205 8.82536 1.01062 -3.73761 7.81474 
551000 1.57082 -5.24727 8.88278 1.04824 -3.67646 7.83455 
552000 1.48994 -5.25001 8.84422 0.994268 -3.76007 7.84995 
553000 1.50759 -5.32746 8.42317 1.00604 -3.81987 7.41713 
554000 1.46236 -5.2949 8.56237 0.97586 -3.83254 7.58651 
555000 1.45962 -5.24317 8.86147 0.974033 -3.78354 7.88744 
556000 1.48225 -5.32838 8.38303 0.989131 -3.84613 7.3939 
557000 1.53785 -5.29752 8.57271 1.02624 -3.75967 7.54648 
558000 1.53781 -5.35933 8.24506 1.02621 -3.82152 7.21885 
# ioformat=2 N=1024 Dt=5.000000 columns=istep,ke,pe,p,T,Etot,W
559000 1.53407 -5.25176 8.88408 1.02371 -3.71769 7.86037 
560000 1.42714 -5.31846 8.42403 0.952356 -3.89132 7.47167 
561000 1.46162 -5.28538 8.58331 0.975366 -3.82376 7.60794 
562000 1.51194 -5.32852 8.43051 1.00895 -3.81658 7.42156 
563000 1.53041 -5.32757 8.42098 1.02127 -3.79716 7.39971 
564000 1.4807 -5.27812 8.69266 0.988098 -3.79743 7.70456 
565000 1.49772 -5.33199 8.35913 0.999458 -3.83426 7.35967 
566000 1.49217 -5.34272 8.29449 0.995753 -3.85054 7.29873 
# ioformat=2 N=1024 Dt=5.000000 columns=istep,ke,pe,p,T,Etot,W
567000 1.47302 -5.22912 8.90048 0.982973 -3.7561 7.91751 
568000 1.58593 -5.27638 8.69379 1.05832 -3.69046 7.63547 
569000 1.49641 -5.25588 8.79762 0.998579 -3.75947 7.79904 
570000 1.45001 -5.36714 8.13909 0.967616 -3.91713 7.17148 
571000 1.4837 -5.23793 8.87598 0.990103 -3.75423 7.88588 
572000 1.49881 -5.32568 8.42211 1.00018 -3.82688 7.42193 
573000 1.44859 -5.29765 8.52724 0.966671 -3.84906 7.56056 
574000 1.49796 -5.26395 8.74954 0.999615 -3.766 7.74992 
# ioformat=2 N=1024 Dt=5.000000 columns=istep,ke,pe,p,T,Etot,W
575000 1.47359 -5.30726 8.5042 0.983357 -3.83367 7.52085 
576000 1.46513 -5.30348 8.56281 0.977711 -3.83834 7.5851 
577000 1.43893 -5.26044 8.71399 0.960226 -3.82151 7.75376 
578000 1.52315 -5.221 8.98905 1.01643 -3.69785 7.97263 
579000 1.52075 -5.31379 8.51101 1.01483 -3.79304 7.49619 
580000 1.50667 -5.32596 8.43435 1.00543 -3.81929 7.42892 
581000 1.56807 -5.30835 8.54258 1.0464 -3.74028 7.49617 
582000 1.56334 -5.27578 8.70077 1.04324 -3.71244 7.65752 
# ioformat=2 N=1024 Dt=5.000000 columns=istep,ke,pe,p,T,Etot,W
583000 1.47311 -5.30031 8.52952 0.983033 -3.8272 7.54648 
584000 1.47076 -5.30198 8.51862 0.981466 -3.83122 7.53715 
585000 1.54013 -5.27802 8.69588 1.02775 -3.73789 7.66813 
586000 1.47134 -5.35168 8.25989 0.98185 -3.88034 7.27804 
587000 1.58366 -5.32578 8.44362 1.05681 -3.74211 7.38681 
588000 1.55072 -5.28601 8.69762 1.03483 -3.73529 7.66279 
589000 1.51937 -5.30785 8.51568 1.0139 -3.78848 7.50178 
590000 1.4852 -5.27204 8.68839 0.991102 -3.78684 7.69728 
# ioformat=2 N=1024 Dt=5.000000 columns=istep,ke,pe,p,T,Etot,W
591000 1.54962 -5.26315 8.82257 1.03409 -3.71353 7.78848 
592000 1.47352 -5.29609 8.62872 0.983306 -3.82257 7.64541 
593000 1.53952 -5.25413 8.83522 1.02735 -3.71461 7.80787 
594000 1.49087 -5.17645 9.18545 0.994887 -3.68558 8.19057 
595000 1.4787 -5.31362 8.45361 0.986765 -3.83492 7.46684 
596000 1.45216 -5.30849 8.48673 0.969055 -3.85633 7.51768 
597000 1.49504 -5.29952 8.56856 0.997668 -3.80448 7.57089 
598000 1.55475 -5.2906 8.60625 1.03751 -3.73585 7.56874 
599000 1.438 -5.25659 8.74436 0.959603 -3.81859 7.78476 
# ioformat=2 N=1024 Dt=5.000000 columns=istep,ke,pe,p,T,Etot,W
600000 1.45085 -5.32322 8.39915 0.968181 -3.87236 7.43097 
601000 1.51992 -5.2764 8.68377 1.01427 -3.75648 7.66949 
602000 1.45675 -5.32038 8.38632 0.972115 -3.86364 7.4142 
603000 1.53077 -5.28875 8.63604 1.02151 -3.75798 7.61453 
604000 1.55323 -5.28596 8.65402 1.0365 -3.73273 7.61752 
605000 1.51 -5.30992 8.4672 1.00765 -3.79992 7.45955 
606000 1.49616 -5.2914 8.60544 0.998417 -3.79524 7.60702 
607000 1.43331 -5.24699 8.79162 0.956476 -3.81368 7.83515 
# ioformat=2 N=1024 Dt=5.000000 columns=istep,ke,pe,p,T,Etot,W
608000 1.50935 -5.37372 8.17966 1.00722 -3.86438 7.17245 
609000 1.55845 -5.25154 8.87126 1.03998 -3.69309 7.83128 
610000 1.50667 -5.25142 8.83574 1.00543 -3.74476 7.83032 
611000 1.50826 -5.2541 8.77247 1.00649 -3.74585 7.76598 
612000 1.4996 -5.25459 8.78128 1.00071 -3.75499 7.78057 
613000 1.52139 -5.371 8.21678 1.01525 -3.84961 7.20153 
614000 1.43309 -5.25494 8.69911 0.95633 -3.82185 7.74278 
615000 1.48321 -5.30683 8.50251 0.989772 -3.82362 7.51274 
# ioformat=2 N=1024 Dt=5.000000 columns=istep,ke,pe,p,T,Etot,W
616000 1.47165 -5.30572 8.50724 0.982059 -3.83407 7.52518 
617000 1.54558 -5.34268 8.38739 1.03139 -3.7971 7.356 
618000 1.49213 -5.29528 8.62973 0.995726 -3.80315 7.63401 
619000 1.55136 -5.34508 8.40757 1.03525 -3.79372 7.37232 
620000 1.49079 -5.34179 8.30126 0.99483 -3.851 7.30643 
621000 1.48248 -5.2529 8.76328 0.989285 -3.77042 7.774 
622000 1.49778 -5.30548 8.50817 0.999496 -3.8077 7.50868 
623000 1.51185 -5.31487 8.50436 1.00888 -3.80302 7.49548 
# ioformat=2 N=1024 Dt=5.000000 columns=istep,ke,pe,p,T,Etot,W
624000 1.49268 -5.30458 8.53731 0.996091 -3.8119 7.54122 
625000 1.48915 -5.29938 8.55745 0.993737 -3.81023 7.56371 
626000 1.42105 -5.28337 8.5875 0.948291 -3.86233 7.63921 
627000 1.51591 -5.23976 8.83982 1.01159 -3.72386 7.82823 
628000 1.56735 -5.22723 8.95908 1.04592 -3.65988 7.91316 
629000 1.43742 -5.33003 8.38547 0.959217 -3.89261 7.42625 
630000 1.46363 -5.31177 8.50056 0.976706 -3.84814 7.52385 
631000 1.52445 -5.30961 8.48998 1.0173 -3.78516 7.47268 
# ioformat=2 N=1024 Dt=5.000000 columns=istep,ke,pe,p,T,Etot,W
632000 1.54451 -5.27585 8.70981 1.03068 -3.73134 7.67913 
633000 1.44714 -5.30476 8.46237 0.965703 -3.85762 7.49666 
634000 1.53912 -5.23456 8.93294 1.02709 -3.69543 7.90586 
635000 1.48426 -5.2221 8.95345 0.990474 -3.73784 7.96298 
636000 1.43843 -5.26243 8.7206 0.959893 -3.824 7.7607 
637000 1.54709 -5.31578 8.51022 1.0324 -3.76869 7.47782 
638000 1.53693 -5.27044 8.76089 1.02562 -3.73351 7.73527 
639000 1.46804 -5.29494 8.59468 0.979649 -3.8269 7.61503 
# ioformat=2 N=1024 Dt=5.000000 columns=istep,ke,pe,p,T,Etot,W
640000 1.49891 -5.28899 8.58827 1.00025 -3.79008 7.58802 
641000 1.54537 -5.32068 8.49744 1.03125 -3.77531 7.46619 
642000 1.45553 -5.25088 8.78563 0.971304 -3.79535 7.81432 
643000 1.49112 -5.31118 8.53792 0.995051 -3.82006 7.54286 
644000 1.47726 -5.29343 8.57996 0.985801 -3.81618 7.59416 
645000 1.46538 -5.39205 8.00768 0.977872 -3.92667 7.02981 
646000 1.46317 -5.28287 8.6079 0.976399 -3.8197 7.6315 
647000 1.46977 -5.32527 8.37108 0.980805 -3.8555 7.39028 
648000 1.57258 -5.29257 8.64029 1.04941 -3.71998 7.59088 
# ioformat=2 N=1024 Dt=5.000000 columns=istep,ke,pe,p,T,Etot,W
649000 1.54695 -5.29296 8.64385 1.03231 -3.74601 7.61154 
650000 1.54026 -5.30595 8.53857 1.02784 -3.76569 7.51073 
651000 1.57771 -5.28671 8.65258 1.05283 -3.70901 7.59975 
652000 1.55719 -5.3165 8.49273 1.03914 -3.75931 7.45359 
653000 1.56029 -5.2996 8.64467 1.04121 -3.73932 7.60346 
654000 1.47189 -5.29735 8.52457 0.982217 -3.82546 7.54235 
655000 1.48051 -5.22652 8.89815 0.987974 -3.74601 7.91018 
656000 1.49405 -5.26559 8.72771 0.997005 -3.77154 7.73071 
# ioformat=2 N=1024 Dt=5.000000 columns=istep,ke,pe,p,T,Etot,W
657000 1.48205 -5.32555 8.39446 0.988997 -3.8435 7.40547 
658000 1.53202 -5.26686 8.76316 1.02235 -3.73484 7.74082 
659000 1.43818 -5.32533 8.34801 0.959723 -3.88715 7.38828 
660000 1.49529 -5.28182 8.63068 0.997832 -3.78653 7.63284 
661000 1.50753 -5.24807 8.90439 1.006 -3.74054 7.89839 
662000 1.51981 -5.39085 8.08112 1.0142 -3.87103 7.06692 
663000 1.46427 -5.28555 8.56826 0.977135 -3.82128 7.59113 
664000 1.4992 -5.31406 8.47278 1.00044 -3.81486 7.47234 
# ioformat=2 N=1024 Dt=5.000000 columns=istep,ke,pe,p,T,Etot,W
665000 1.56995 -5.33739 8.4067 1.04765 -3.76744 7.35905 
666000 1.56829 -5.3266 8.49564 1.04655 -3.75831 7.4491 
667000 1.60108 -5.32811 8.4785 1.06843 -3.72702 7.41007 
668000 1.49236 -5.34354 8.28251 0.995878 -3.85118 7.28664 
669000 1.47795 -5.31597 8.43597 0.986265 -3.83802 7.4497 
670000 1.46398 -5.29541 8.51902 0.976942 -3.83143 7.54208 
671000 1.49018 -5.28131 8.58176 0.994422 -3.79113 7.58734 
672000 1.49728 -5.29515 8.53448 0.999161 -3.79787 7.53532 
# ioformat=2 N=1024 Dt=5.000000 columns=istep,ke,pe,p,T,Etot,W
673000 1.49594 -5.26158 8.77297 0.998271 -3.76563 7.7747 
674000 1.46336 -5.3231 8.40801 0.976529 -3.85974 7.43149 
675000 1.54076 -5.33776 8.39162 1.02818 -3.797 7.36344 
676000 1.57657 -5.33688 8.39239 1.05208 -3.7603 7.34031 
677000 1.48717 -5.31416 8.44556 0.992413 -3.82699 7.45315 
678000 1.48227 -5.32392 8.43278 0.989147 -3.84165 7.44364 
679000 1.51045 -5.32341 8.43252 1.00795 -3.81297 7.42457 
680000 1.48302 -5.29281 8.56576 0.989645 -3.80979 7.57612 
# ioformat=2 N=1024 Dt=5.000000 columns=istep,ke,pe,p,T,Etot,W
681000 1.52525 -5.20084 9.11141 1.01783 -3.67559 8.09358 
682000 1.50935 -5.35943 8.27004 1.00722 -3.85007 7.26283 
683000 1.54754 -5.28081 8.70411 1.0327 -3.73327 7.67141 
684000 1.49538 -5.29524 8.5747 0.997894 -3.79986 7.57681 
685000 1.52367 -5.2825 8.68754 1.01677 -3.75883 7.67077 
686000 1.47701 -5.2484 8.88209 0.985638 -3.77138 7.89645 
687000 1.52025 -5.30222 8.56468 1.01449 -3.78197 7.55019 
688000 1.46911 -5.30664 8.52095 0.980365 -3.83753 7.54059 
689000 1.48585 -5.28659 8.6304 0.991536 -3.80074 7.63887 
# ioformat=2 N=1024 Dt=5.000000 columns=istep,ke,pe,p,T,Etot,W
690000 1.47843 -5.32301 8.41218 0.986584 -3.84458 7.42559 
691000 1.4835 -5.28526 8.62653 0.989969 -3.80176 7.63656 
692000 1.5015 -5.29337 8.58922 1.00198 -3.79187 7.58724 
693000 1.53363 -5.28005 8.66585 1.02342 -3.74642 7.64243 
694000 1.4863 -5.30051 8.53998 0.991832 -3.81422 7.54815 
695000 1.52125 -5.20108 9.0538 1.01516 -3.67983 8.03864 
696000 1.56196 -5.31476 8.52426 1.04232 -3.7528 7.48194 
697000 1.38352 -5.38099 8.05193 0.923247 -3.99747 7.12868 
# ioformat=2 N=1024 Dt=5.000000 columns=istep,ke,pe,p,T,Etot,W
698000 1.53958 -5.26155 8.7766 1.02739 -3.72197 7.74921 
699000 1.45325 -5.32334 8.37763 0.969782 -3.87008 7.40785 
700000 1.552 -5.29811 8.60117 1.03568 -3.74611 7.56549 
701000 1.5197 -5.31399 8.49366 1.01412 -3.79429 7.47954 
702000 1.4776 -5.26182 8.69758 0.986031 -3.78422 7.71155 
703000 1.57151 -5.29814 8.61828 1.0487 -3.72662 7.56958 
704000 1.45392 -5.27895 8.67049 0.970225 -3.82504 7.70026 
705000 1.54578 -5.34756 8.34367 1.03152 -3.80178 7.31214 
# ioformat=2 N=1024 Dt=5.000000 columns=istep,ke,pe,p,T,Etot,W
706000 1.51136 -5.23436 8.8807 1.00856 -3.723 7.87214 
707000 1.5519 -5.28882 8.64219 1.03561 -3.73692 7.60658 
708000 1.44702 -5.30868 8.53186 0.96562 -3.86167 7.56624 
709000 1.51015 -5.27763 8.66042 1.00775 -3.76748 7.65267 
710000 1.55374 -5.37597 8.20601 1.03684 -3.82222 7.16916 
711000 1.51795 -5.29147 8.58735 1.01296 -3.77352 7.5744 
712000 1.5518 -5.29777 8.59836 1.03554 -3.74597 7.56281 
713000 1.55609 -5.30651 8.54644 1.03841 -3.75042 7.50804 
# ioformat=2 N=1024 Dt=5.000000 columns=istep,ke,pe,p,T,Etot,W
714000 1.49076 -5.34909 8.32818 0.994811 -3.85833 7.33337 
715000 1.54067 -5.30891 8.56839 1.02812 -3.76824 7.54027 
716000 1.45827 -5.28168 8.61267 0.973131 -3.82341 7.63954 
717000 1.56326 -5.28123 8.67874 1.04319 -3.71796 7.63555 
718000 1.4333 -5.18244 9.12309 0.956466 -3.74914 8.16663 
719000 1.48036 -5.23969 8.88436 0.987873 -3.75933 7.89649 
720000 1.45783 -5.33132 8.41388 0.972837 -3.87349 7.44104 
721000 1.44736 -5.30185 8.49274 0.965853 -3.85448 7.52689 
# ioformat=2 N=1024 Dt=5.000000 columns=istep,ke,pe,p,T,Etot,W
722000 1.48966 -5.24976 8.77229 0.994074 -3.7601 7.77822 
723000 1.51448 -5.3175 8.43704 1.01064 -3.80303 7.4264 
724000 1.46632 -5.34128 8.2943 0.9785 -3.87496 7.3158 
725000 1.47243 -5.30358 8.50862 0.982577 -3.83115 7.52605 
726000 1.46709 -5.25957 8.70733 0.979018 -3.79248 7.72831 
727000 1.47441 -5.3582 8.28234 0.983901 -3.88379 7.29844 
728000 1.44189 -5.28991 8.57955 0.9622 -3.84802 7.61735 
729000 1.48084 -5.31916 8.42952 0.988193 -3.83832 7.44133 
730000 1.49531 -5.34138 8.33737 0.997851 -3.84607 7.33952 
# ioformat=2 N=1024 Dt=5.000000 columns=istep,ke,pe,p,T,Etot,W
731000 1.46033 -5.29301 8.56081 0.974506 -3.83268 7.58631 
732000 1.45301 -5.31087 8.43483 0.969622 -3.85786 7.46521 
733000 1.50614 -5.25552 8.81069 1.00507 -3.74938 7.80562 
734000 1.47635 -5.28072 8.66644 0.985193 -3.80437 7.68124 
735000 1.50999 -5.32107 8.4018 1.00764 -3.81109 7.39416 
736000 1.50305 -5.2742 8.70364 1.00301 -3.77115 7.70063 
737000 1.48173 -5.23335 8.91711 0.988784 -3.75163 7.92832 
738000 1.49039 -5.2671 8.68793 0.994563 -3.77671 7.69337 
# ioformat=2 N=1024 Dt=5.000000 columns=istep,ke,pe,p,T,Etot,W
739000 1.4752 -5.28566 8.63479 0.984425 -3.81047 7.65036 
740000 1.55095 -5.27356 8.7376 1.03498 -3.72261 7.70263 
741000 1.50942 -5.29804 8.59007 1.00727 -3.78861 7.58281 
742000 1.55187 -5.37878 8.17884 1.03559 -3.8269 7.14324 
743000 1.47246 -5.22411 8.93403 0.982603 -3.75165 7.95143 
744000 1.48715 -5.26564 8.76405 0.992404 -3.77848 7.77165 
745000 1.52731 -5.3033 8.55989 1.0192 -3.77599 7.54069 
746000 1.55028 -5.2785 8.73454 1.03453 -3.72821 7.70001 
# ioformat=2 N=1024 Dt=5.000000 columns=istep,ke,pe,p,T,Etot,W
747000 1.54791 -5.28185 8.64541 1.03295 -3.73394 7.61246 
748000 1.49193 -5.3459 8.37666 0.995595 -3.85396 7.38107 
749000 1.45719 -5.3362 8.31906 0.972411 -3.87901 7.34665 
750000 1.47554 -5.32277 8.35969 0.984652 -3.84723 7.37504 
751000 1.56632 -5.31456 8.485 1.04523 -3.74825 7.43977 
752000 1.51794 -5.30728 8.57047 1.01295 -3.78934 7.55751 
753000 1.52383 -5.257 8.7759 1.01688 -3.73317 7.75902 
754000 1.50226 -5.22124 8.96888 1.00249 -3.71898 7.96639 
# ioformat=2 N=1024 Dt=5.000000 columns=istep,ke,pe,p,T,Etot,W
755000 1.53009 -5.23598 8.9638 1.02105 -3.70589 7.94275 
756000 1.4976 -5.28923 8.69586 0.999378 -3.79163 7.69648 
757000 1.50033 -5.31495 8.47504 1.0012 -3.81462 7.47384 
758000 1.45777 -5.33801 8.31009 0.972799 -3.88024 7.3373 
759000 1.4779 -5.37778 8.12164 0.986233 -3.89988 7.13541 
760000 1.53669 -5.20887 9.06881 1.02546 -3.67218 8.04335 
761000 1.51709 -5.31396 8.47793 1.01238 -3.79687 7.46555 
762000 1.53231 -5.30619 8.53787 1.02254 -3.77388 7.51533 
# ioformat=2 N=1024 Dt=5.000000 columns=istep,ke,pe,p,T,Etot,W
763000 1.47596 -5.26646 8.73189 0.984934 -3.7905 7.74695 
764000 1.49581 -5.24479 8.84494 0.998185 -3.74897 7.84676 
765000 1.56885 -5.3318 8.4251 1.04692 -3.76295 7.37818 
766000 1.49531 -5.28324 8.66129 0.997848 -3.78793 7.66345 
767000 1.56269 -5.30085 8.55124 1.04281 -3.73816 7.50843 
768000 1.45067 -5.25118 8.78145 0.968059 -3.80051 7.81339 
769000 1.48444 -5.30458 8.55942 0.990594 -3.82014 7.56883 
770000 1.44514 -5.33479 8.34107 0.96437 -3.88965 7.37671 
771000 1.49251 -5.33187 8.3998 0.995977 -3.83936 7.40383 
# ioformat=2 N=1024 Dt=5.000000 columns=istep,ke,pe,p,T,Etot,W
772000 1.44515 -5.33672 8.31978 0.964376 -3.89157 7.3554 
773000 1.45495 -5.31455 8.41277 0.970918 -3.85959 7.44185 
774000 1.49106 -5.32759 8.39703 0.995012 -3.83653 7.40202 
775000 1.49107 -5.27569 8.69712 0.995021 -3.78462 7.7021 
776000 1.49378 -5.25496 8.82051 0.996829 -3.76118 7.82368 
777000 1.44135 -5.30369 8.52044 0.961839 -3.86234 7.5586 
778000 1.47952 -5.31174 8.42499 0.987312 -3.83222 7.43768 
779000 1.51945 -5.32778 8.41961 1.01396 -3.80833 7.40566 
# ioformat=2 N=1024 Dt=5.000000 columns=istep,ke,pe,p,T,Etot,W
780000 1.44925 -5.29418 8.54947 0.967112 -3.84493 7.58236 
781000 1.50014 -5.33131 8.38745 1.00107 -3.83118 7.38639 
782000 1.50615 -5.29574 8.52612 1.00508 -3.7896 7.52105 
783000 1.53312 -5.30704 8.57306 1.02308 -3.77392 7.54998 
784000 1.5475 -5.2894 8.62095 1.03268 -3.7419 7.58828 
785000 1.47813 -5.30748 8.51935 0.986386 -3.82935 7.53297 
786000 1.49404 -5.33493 8.39131 0.997001 -3.84089 7.39431 
787000 1.57578 -5.3188 8.56734 1.05155 -3.74302 7.51579 
# ioformat=2 N=1024 Dt=5.000000 columns=istep,ke,pe,p,T,Etot,W
788000 1.48272 -5.30602 8.48819 0.989448 -3.8233 7.49875 
789000 1.54434 -5.32985 8.41319 1.03057 -3.78551 7.38263 
790000 1.47084 -5.21646 8.90534 0.981521 -3.74562 7.92382 
791000 1.522 -5.30973 8.50438 1.01566 -3.78773 7.48872 
792000 1.47221 -5.29486 8.5982 0.982434 -3.82265 7.61577 
793000 1.54658 -5.2937 8.60484 1.03206 -3.74712 7.57278 
794000 1.52627 -5.25665 8.76086 1.01851 -3.73038 7.74235 
795000 1.45013 -5.28957 8.51279 0.9677 -3.83943 7.54509 
# ioformat=2 N=1024 Dt=5.000000 columns=istep,ke,pe,p,T,Etot,W
796000 1.53146 -5.33369 8.43254 1.02197 -3.80222 7.41057 
797000 1.44624 -5.29508 8.55135 0.965103 -3.84884 7.58624 
798000 1.49203 -5.28552 8.60735 0.995657 -3.79349 7.61169 
799000 1.52535 -5.33266 8.42167 1.01789 -3.80731 7.40378 
800000 1.47843 -5.26856 8.6988 0.98658 -3.79013 7.71222 
801000 1.52267 -5.29026 8.60145 1.0161 -3.76759 7.58535 
802000 1.54202 -5.31061 8.60662 1.02902 -3.76858 7.5776 
803000 1.50716 -5.33885 8.37145 1.00576 -3.83169 7.36569 
# ioformat=2 N=1024 Dt=5.000000 columns=istep,ke,pe,p,T,Etot,W
804000 1.4362 -5.28788 8.57636 0.958401 -3.85168 7.61796 
805000 1.45638 -5.36446 8.18796 0.971871 -3.90808 7.21609 
806000 1.45467 -5.2727 8.6837 0.970726 -3.81803 7.71297 
807000 1.51596 -5.28445 8.65944 1.01163 -3.76849 7.64782 
808000 1.49763 -5.33357 8.4178 0.999396 -3.83594 7.4184 
809000 1.48935 -5.2646 8.71596 0.993873 -3.77524 7.72208 
810000 1.5185 -5.33454 8.37396 1.01332 -3.81604 7.36064 
811000 1.43905 -5.23837 8.86027 0.960303 -3.79932 7.89997 
812000 1.53753 -5.35291 8.31865 1.02602 -3.81537 7.29263 
# ioformat=2 N=1024 Dt=5.000000 columns=istep,ke,pe,p,T,Etot,W
813000 1.44716 -5.29273 8.55008 0.965715 -3.84558 7.58437 
814000 1.46002 -5.24756 8.81819 0.974299 -3.78753 7.84389 
815000 1.47864 -5.3701 8.18667 0.986721 -3.89147 7.19995 
816000 1.45832 -5.33284 8.42263 0.973163 -3.87452 7.44947 
817000 1.49508 -5.28067 8.68918 0.997692 -3.78559 7.69149 
818000 1.46078 -5.30346 8.53296 0.974802 -3.84268 7.55816 
819000 1.46113 -5.30304 8.54592 0.975039 -3.84191 7.57088 
820000 1.47918 -5.26216 8.77914 0.987081 -3.78298 7.79206 
# ioformat=2 N=1024 Dt=5.000000 columns=istep,ke,pe,p,T,Etot,W
821000 1.49301 -5.3143 8.49795 0.996316 -3.82129 7.50164 
822000 1.53857 -5.34708 8.35254 1.02672 -3.80851 7.32583 
823000 1.47154 -5.30552 8.48471 0.981985 -3.83398 7.50272 
824000 1.41841 -5.29608 8.49682 0.94653 -3.87767 7.55029 
825000 1.5019 -5.22199 9.02452 1.00224 -3.72009 8.02228 
826000 1.56346 -5.24984 8.86048 1.04332 -3.68638 7.81716 
827000 1.48854 -5.34934 8.37628 0.993327 -3.86081 7.38295 
828000 1.51115 -5.27493 8.67541 1.00842 -3.76378 7.66699 
# ioformat=2 N=1024 Dt=5.000000 columns=istep,ke,pe,p,T,Etot,W
829000 1.46132 -5.24827 8.79044 0.975163 -3.78696 7.81528 
830000 1.50963 -5.32011 8.49117 1.0074 -3.81048 7.48377 
831000 1.42649 -5.32563 8.41765 0.951921 -3.89914 7.46573 
832000 1.51297 -5.34786 8.29272 1.00963 -3.8349 7.28309 
833000 1.57225 -5.26303 8.7876 1.04919 -3.69079 7.73841 
834000 1.52399 -5.26857 8.75739 1.01699 -3.74458 7.74041 
835000 1.44792 -5.31272 8.48843 0.966226 -3.86479 7.5222 
836000 1.46611 -5.28369 8.58296 0.978361 -3.81758 7.6046 
# ioformat=2 N=1024 Dt=5.000000 columns=istep,ke,pe,p,T,Etot,W
837000 1.5862 -5.23183 8.95712 1.0585 -3.64563 7.89861 
838000 1.59632 -5.30621 8.59981 1.06525 -3.70989 7.53455 
839000 1.46601 -5.23907 8.8636 0.978292 -3.77307 7.8853 
840000 1.51691 -5.23779 8.92087 1.01226 -3.72088 7.90861 
841000 1.44673 -5.3212 8.384 0.965432 -3.87446 7.41857 
842000 1.48334 -5.2953 8.61134 0.989862 -3.81196 7.62148 
843000 1.48756 -5.32746 8.41351 0.992676 -3.8399 7.42084 
844000 1.5429 -5.32496 8.49629 1.0296 -3.78206 7.46669 
# ioformat=2 N=1024 Dt=5.000000 columns=istep,ke,pe,p,T,Etot,W
845000 1.53561 -5.3358 8.40409 1.02474 -3.8002 7.37935 
846000 1.50694 -5.30025 8.57017 1.00561 -3.79331 7.56456 
847000 1.4166 -5.33065 8.27986 0.945326 -3.91405 7.33454 
848000 1.51039 -5.22131 8.93479 1.00791 -3.71093 7.92688 
849000 1.51011 -5.38184 8.15193 1.00772 -3.87173 7.14421 
850000 1.43058 -5.41049 7.94469 0.954655 -3.97991 6.99003 
851000 1.48503 -5.25057 8.81602 0.990988 -3.76554 7.82504 
852000 1.52965 -5.30967 8.50945 1.02076 -3.78002 7.48868 
# ioformat=2 N=1024 Dt=5.000000 columns=istep,ke,pe,p,T,Etot,W
853000 1.55359 -5.36698 8.23257 1.03674 -3.81339 7.19583 
854000 1.51924 -5.2816 8.67509 1.01382 -3.76236 7.66128 
855000 1.42543 -5.22276 8.95181 0.951215 -3.79733 8.0006 
856000 1.50461 -5.30526 8.52958 1.00406 -3.80065 7.52553 
857000 1.49292 -5.34888 8.30317 0.996254 -3.85595 7.30692 
858000 1.55372 -5.26261 8.76874 1.03683 -3.70889 7.73192 
859000 1.50013 -5.25902 8.78452 1.00106 -3.75889 7.78346 
860000 1.44019 -5.30132 8.54433 0.961066 -3.86113 7.58326 
861000 1.51454 -5.28667 8.63447 1.01068 -3.77213 7.62379 
# ioformat=2 N=1024 Dt=5.000000 columns=istep,ke,pe,p,T,Etot,W
862000 1.50082 -5.26841 8.73634 1.00153 -3.76759 7.73481 
863000 1.52851 -5.28039 8.66163 1.02001 -3.75188 7.64162 
864000 1.41546 -5.27122 8.69619 0.944566 -3.85575 7.75163 
865000 1.49278 -5.23308 8.87221 0.996157 -3.74031 7.87605 
866000 1.53448 -5.3089 8.55326 1.02398 -3.77442 7.52928 
867000 1.5371 -5.32063 8.50316 1.02574 -3.78353 7.47742 
868000 1.52146 -5.29121 8.61499 1.0153 -3.76975 7.59969 
869000 1.57523 -5.26906 8.76458 1.05118 -3.69382 7.7134 
# ioformat=2 N=1024 Dt=5.000000 columns=istep,ke,pe,p,T,Etot,W
870000 1.46249 -5.30911 8.4533 0.975945 -3.84663 7.47736 
871000 1.52234 -5.25719 8.81586 1.01589 -3.73486 7.79998 
872000 1.44899 -5.27727 8.65069 0.966936 -3.82828 7.68376 
873000 1.47404 -5.28974 8.59725 0.983651 -3.81571 7.6136 
874000 1.55871 -5.33563 8.37402 1.04016 -3.77692 7.33387 
875000 1.54428 -5.27393 8.74624 1.03053 -3.72965 7.71572 
876000 1.5381 -5.29936 8.59453 1.0264 -3.76126 7.56813 
877000 1.51407 -5.25826 8.7658 1.01037 -3.74419 7.75543 
# ioformat=2 N=1024 Dt=5.000000 columns=istep,ke,pe,p,T,Etot,W
878000 1.46833 -5.25658 8.78464 0.979843 -3.78826 7.8048 
879000 1.49392 -5.29084 8.64316 0.99692 -3.79692 7.64624 
880000 1.49981 -5.29391 8.55823 1.00085 -3.7941 7.55738 
881000 1.50301 -5.23436 8.92208 1.00299 -3.73134 7.91909 
882000 1.49604 -5.27455 8.67944 0.998335 -3.77851 7.6811 
883000 1.54799 -5.31244 8.51259 1.033 -3.76445 7.4796 
884000 1.46462 -5.3239 8.40445 0.977365 -3.85928 7.42708 
885000 1.44545 -5.33694 8.35742 0.964578 -3.89148 7.39284 
# ioformat=2 N=1024 Dt=5.000000 columns=istep,ke,pe,p,T,Etot,W
886000 1.51116 -5.28484 8.69286 1.00842 -3.77369 7.68444 
887000 1.52815 -5.26815 8.75091 1.01976 -3.74 7.73115 
888000 1.53258 -5.30852 8.54719 1.02272 -3.77594 7.52448 
889000 1.45804 -5.28896 8.58386 0.972979 -3.83091 7.61088 
890000 1.42717 -5.29691 8.4952 0.952379 -3.86974 7.54283 
891000 1.55754 -5.26694 8.75679 1.03938 -3.7094 7.71741 
892000 1.48621 -5.35702 8.20179 0.991772 -3.87082 7.21002 
893000 1.54409 -5.27911 8.68016 1.0304 -3.73502 7.64976 
# ioformat=2 N=1024 Dt=5.000000 columns=istep,ke,pe,p,T,Etot,W
894000 1.51127 -5.28413 8.62245 1.0085 -3.77286 7.61395 
895000 1.44372 -5.343 8.27452 0.96342 -3.89928 7.3111 
896000 1.4818 -5.32076 8.42774 0.988835 -3.83895 7.4389 
897000 1.46653 -5.35686 8.21367 0.978641 -3.89033 7.23503 
898000 1.46356 -5.33154 8.38736 0.976659 -3.86798 7.4107 
899000 1.46334 -5.30699 8.49536 0.976513 -3.84366 7.51885 
900000 1.49473 -5.3046 8.49712 0.997458 -3.80987 7.49966 
901000 1.48926 -5.28442 8.60649 0.993811 -3.79516 7.61268 
902000 1.48479 -5.32111 8.44517 0.990829 -3.83632 7.45434 
# ioformat=2 N=1024 Dt=5.000000 columns=istep,ke,pe,p,T,Etot,W
903000 1.50077 -5.33658 8.43103 1.00149 -3.8358 7.42953 
904000 1.47671 -5.29831 8.53316 0.985437 -3.8216 7.54772 
905000 1.50255 -5.28284 8.64674 1.00268 -3.78029 7.64406 
906000 1.541 -5.29676 8.5768 1.02834 -3.75576 7.54847 
907000 1.47184 -5.33492 8.3328 0.982184 -3.86308 7.35062 
908000 1.48343 -5.30752 8.49399 0.989923 -3.82408 7.50407 
909000 1.44783 -5.32456 8.35869 0.966165 -3.87672 7.39253 
910000 1.51101 -5.30879 8.53456 1.00832 -3.79778 7.52623 
# ioformat=2 N=1024 Dt=5.000000 columns=istep,ke,pe,p,T,Etot,W
911000 1.4862 -5.23934 8.82201 0.991768 -3.75314 7.83024 
912000 1.46163 -5.28143 8.63584 0.975371 -3.8198 7.66047 
913000 1.53282 -5.32813 8.40612 1.02288 -3.79532 7.38324 
914000 1.54272 -5.21523 9.05115 1.02948 -3.67251 8.02167 
915000 1.49865 -5.23969 8.88513 1.00007 -3.74105 7.88506 
916000 1.54721 -5.24613 8.88476 1.03248 -3.69892 7.85229 
917000 1.51384 -5.3627 8.23335 1.01021 -3.84886 7.22314 
918000 1.50132 -5.31314 8.48094 1.00186 -3.81182 7.47908 
# ioformat=2 N=1024 Dt=5.000000 columns=istep,ke,pe,p,T,Etot,W
919000 1.42619 -5.29826 8.4926 0.951723 -3.87207 7.54088 
920000 1.42177 -5.27513 8.5813 0.948774 -3.85335 7.63253 
921000 1.48538 -5.2754 8.64151 0.991219 -3.79002 7.65029 
922000 1.48768 -5.31579 8.51641 0.992758 -3.82811 7.52366 
923000 1.44896 -5.26423 8.73224 0.966915 -3.81527 7.76533 
924000 1.49722 -5.298 8.57188 0.999126 -3.80077 7.57276 
925000 1.4944 -5.29966 8.55953 0.99724 -3.80526 7.56229 
926000 1.45887 -5.27577 8.67691 0.973531 -3.8169 7.70338 
# ioformat=2 N=1024 Dt=5.000000 columns=istep,ke,pe,p,T,Etot,W
927000 1.54977 -5.24416 8.90775 1.03419 -3.69439 7.87357 
928000 1.52649 -5.3368 8.37727 1.01866 -3.81031 7.35862 
929000 1.36258 -5.33697 8.28671 0.909276 -3.97439 7.37744 
930000 1.5731 -5.27495 8.80038 1.04976 -3.70185 7.75062 
931000 1.47058 -5.36423 8.16193 0.981343 -3.89365 7.18058 
932000 1.50216 -5.23781 8.91377 1.00242 -3.73565 7.91135 
933000 1.45754 -5.31125 8.47081 0.972644 -3.85371 7.49816 
934000 1.56421 -5.26192 8.8049 1.04383 -3.6977 7.76107 
# ioformat=2 N=1024 Dt=5.000000 columns=istep,ke,pe,p,T,Etot,W
935000 1.51018 -5.30155 8.52086 1.00777 -3.79137 7.51309 
936000 1.48851 -5.31086 8.48224 0.993311 -3.82235 7.48893 
937000 1.43764 -5.28807 8.58049 0.959366 -3.85043 7.62113 
938000 1.42315 -5.31456 8.42198 0.949697 -3.89141 7.47228 
939000 1.44532 -5.31544 8.4671 0.964487 -3.87013 7.50262 
940000 1.51511 -5.34156 8.34192 1.01106 -3.82645 7.33086 
941000 1.4871 -5.32029 8.45315 0.992369 -3.83319 7.46078 
942000 1.49998 -5.27543 8.68425 1.00096 -3.77545 7.68329 
943000 1.48809 -5.24745 8.80124 0.993028 -3.75936 7.80821 
# ioformat=2 N=1024 Dt=5.000000 columns=istep,ke,pe,p,T,Etot,W
944000 1.45418 -5.29055 8.55704 0.970399 -3.83637 7.58664 
945000 1.522 -5.35081 8.29085 1.01566 -3.82881 7.27519 
946000 1.44584 -5.28235 8.59072 0.964833 -3.83652 7.62589 
947000 1.51974 -5.34446 8.31202 1.01415 -3.82472 7.29787 
948000 1.43528 -5.23388 8.90836 0.957791 -3.7986 7.95057 
949000 1.42086 -5.39038 8.07203 0.948165 -3.96952 7.12386 
950000 1.47942 -5.30397 8.52717 0.987242 -3.82455 7.53993 
951000 1.56141 -5.26803 8.7741 1.04196 -3.70662 7.73215 
# ioformat=2 N=1024 Dt=5.000000 columns=istep,ke,pe,p,T,Etot,W
952000 1.48829 -5.24404 8.89345 0.993161 -3.75575 7.90029 
953000 1.48926 -5.30165 8.54583 0.993807 -3.81239 7.55202 
954000 1.53555 -5.28052 8.6638 1.0247 -3.74497 7.6391 
955000 1.47952 -5.26877 8.75564 0.98731 -3.78925 7.76833 
956000 1.4662 -5.26735 8.72148 0.978425 -3.80114 7.74305 
957000 1.47023 -5.24464 8.83092 0.981113 -3.77441 7.84981 
958000 1.49286 -5.32204 8.45106 0.996212 -3.82918 7.45484 
959000 1.47709 -5.26387 8.74634 0.98569 -3.78678 7.76065 
# ioformat=2 N=1024 Dt=5.000000 columns=istep,ke,pe,p,T,Etot,W
960000 1.50193 -5.20665 8.99881 1.00227 -3.70471 7.99654 
961000 1.47316 -5.30687 8.48785 0.983064 -3.83371 7.50478 
962000 1.5416 -5.30924 8.5356 1.02874 -3.76765 7.50687 
963000 1.49914 -5.29464 8.59639 1.00041 -3.7955 7.59598 
964000 1.47612 -5.23275 8.83874 0.985042 -3.75663 7.8537 
965000 1.54903 -5.30595 8.58777 1.0337 -3.75692 7.55408 
966000 1.50679 -5.25101 8.85987 1.00551 -3.74423 7.85436 
967000 1.51871 -5.32614 8.423 1.01346 -3.80744 7.40954 
# ioformat=2 N=1024 Dt=5.000000 columns=istep,ke,pe,p,T,Etot,W
968000 1.47895 -5.36648 8.16475 0.986928 -3.88754 7.17782 
969000 1.51407 -5.33143 8.37971 1.01037 -3.81736 7.36935 
970000 1.54017 -5.30863 8.5229 1.02778 -3.76847 7.49512 
971000 1.50767 -5.2975 8.55232 1.0061 -3.78983 7.54622 
972000 1.489 -5.28858 8.64836 0.993637 -3.79958 7.65473 
973000 1.50283 -5.2744 8.70641 1.00286 -3.77157 7.70355 
974000 1.52283 -5.24054 8.86429 1.01621 -3.71771 7.84808 
975000 1.47055 -5.34304 8.32107 0.981328 -3.87249 7.33974 
# ioformat=2 N=1024 Dt=5.000000 columns=istep,ke,pe,p,T,Etot,W
976000 1.4773 -5.30022 8.51898 0.985829 -3.82292 7.53315 
977000 1.43486 -5.30233 8.53838 0.957506 -3.86747 7.58088 
978000 1.49631 -5.27394 8.67828 0.998516 -3.77763 7.67976 
979000 1.50035 -5.22137 8.95708 1.00121 -3.72102 7.95587 
980000 1.56409 -5.35184 8.37386 1.04374 -3.78776 7.33012 
981000 1.49801 -5.32442 8.42453 0.999647 -3.82641 7.42489 
982000 1.47678 -5.28793 8.57619 0.985485 -3.81114 7.59071 
983000 1.50411 -5.28433 8.62914 1.00372 -3.78022 7.62542 
984000 1.50848 -5.25498 8.83441 1.00664 -3.7465 7.82778 
# ioformat=2 N=1024 Dt=5.000000 columns=istep,ke,pe,p,T,Etot,W
985000 1.49371 -5.2622 8.79826 0.996777 -3.76849 7.80148 
986000 1.52365 -5.34222 8.31519 1.01676 -3.81857 7.29843 
987000 1.50594 -5.30542 8.51108 1.00494 -3.79948 7.50613 
988000 1.5416 -5.29444 8.63647 1.02874 -3.75285 7.60773 
989000 1.47053 -5.2481 8.8125 0.981314 -3.77757 7.83119 
990000 1.48943 -5.23772 8.89548 0.993926 -3.74829 7.90156 
991000 1.44287 -5.28414 8.61098 0.962854 -3.84127 7.64813 
992000 1.51052 -5.30307 8.56111 1.008 -3.79255 7.55312 
# ioformat=2 N=1024 Dt=5.000000 columns=istep,ke,pe,p,T,Etot,W
993000 1.50393 -5.34795 8.27567 1.0036 -3.84402 7.27208 
994000 1.50915 -5.34242 8.29667 1.00708 -3.83327 7.28958 
995000 1.60888 -5.33679 8.4289 1.07364 -3.72791 7.35526 
996000 1.49444 -5.28376 8.70299 0.997264 -3.78933 7.70573 
997000 1.50055 -5.25023 8.81821 1.00134 -3.74969 7.81687 
998000 1.49769 -5.2766 8.68206 0.999439 -3.7789 7.68262 
999000 1.42362 -5.30229 8.52244 0.950009 -3.87867 7.57243 
1000000 1.49452 -5.1752 9.20416 0.997321 -3.68068 8.20684 
